-------------------------------------CONFIG-------------------------------------
neptune_config:
 neptune_run_label: None
 use_neptune: False
dataset_config:
 dataset: ACSIncome
 acs_state: CA
 acs_year: 2014
 shift_state: None
 shift_year: None
 freeze_feature: []
 add_syn: False
 bucketization_percent: 1.0
 train_percent: 1.0
 adv_percent: 1.0
 sens_feats: disc
 val_split: 0.1
 test_split: 0.3
 batch_size: 256
eval_config:
Classifiers:
 Classifier 0:
  Model: mlp2 Epochs: 20 LR: 0.01 WD: 0.0
Adversary 0:
  Model: mlp2 Epochs: 20 LR: 0.01 WD: 0.0
Adversary 1:
  Model: mlp2 Epochs: 20 LR: 0.01 WD: 0.0
min_config:
mi_max_buckets=5,mi_n_epochs=20,mi_weight=0.2
seed: 123
device: cpu
out_dir: final_results/acs
compute_guarantees: False
get_clf_upper_bound: False
fairness_sens_col: None
num_workers: 12
logger_level: INFO
-----------------------------------CONFIG END-----------------------------------

majority class acc (clf ACC LB): train_acc=0.643 test_acc=0.651
feat=COW, majority_freqs: train=0.653 test=0.652
feat=MAR, majority_freqs: train=0.534 test=0.536
feat=OCCP, majority_freqs: train=0.032 test=0.030
feat=POBP, majority_freqs: train=0.462 test=0.458
feat=RELP, majority_freqs: train=0.479 test=0.476
feat=SEX, majority_freqs: train=0.534 test=0.535
feat=RAC1P, majority_freqs: train=0.633 test=0.636
[adv] naive majority freq guess (adv ACC LB): train_acc=0.475, test_acc=0.474

Running data minimizer: mi
new_nb_fts=50
================
Bucketization:
AGEP (cont): tot_buckets=5, borders=[0.084, 0.266, 0.409, 0.565]
		Train set values would map to 5 buckets: [0, 0, 0, 0, 0, 0, 0, 1, 1, 1, 1, 1, 1, 1, 1, 1, 1, 1, 1, 1, 1, 2, 2, 2, 2, 2, 2, 2, 2, 2, 2, 2, 3, 3, 3, 3, 3, 3, 3, 3, 3, 3, 3, 3, 4, 4, 4, 4, 4, 4, 4, 4, 4, 4, 4, 4, 4, 4, 4, 4, 4, 4, 4, 4, 4, 4, 4, 4, 4, 4, 4, 4, 4, 4, 4]
SCHL (cont): tot_buckets=5, borders=[0.543, 0.761, 0.804, 0.891]
		Train set values would map to 5 buckets: [0, 0, 0, 0, 0, 0, 0, 0, 0, 0, 0, 0, 0, 1, 1, 1, 1, 1, 2, 3, 3, 4, 4, 4]
WKHP (cont): tot_buckets=5, borders=[0.24, 0.362, 0.403, 0.485]
		Train set values would map to 5 buckets: [0, 0, 0, 0, 0, 0, 0, 0, 0, 0, 0, 0, 0, 0, 0, 0, 0, 0, 0, 0, 0, 0, 0, 0, 1, 1, 1, 1, 1, 1, 1, 1, 1, 1, 1, 1, 2, 2, 2, 2, 3, 3, 3, 3, 3, 3, 3, 3, 4, 4, 4, 4, 4, 4, 4, 4, 4, 4, 4, 4, 4, 4, 4, 4, 4, 4, 4, 4, 4, 4, 4, 4, 4, 4, 4, 4, 4, 4, 4, 4, 4, 4, 4, 4, 4, 4, 4, 4, 4, 4, 4, 4, 4, 4, 4]
COW (disc): tot_buckets=1, mapping=[0, 0, 0, 0, 0, 0, 0, 0]
MAR (disc): tot_buckets=3, mapping=[0, 1, 1, 2, 0]
OCCP (disc): tot_buckets=1, mapping=[0, 0, 0, 0, 0, 0, 0, 0, 0, 0, 0, 0, 0, 0, 0, 0, 0, 0, 0, 0, 0, 0, 0, 0, 0, 0, 0, 0, 0, 0, 0, 0, 0, 0, 0, 0, 0, 0, 0, 0, 0, 0, 0, 0, 0, 0, 0, 0, 0, 0, 0, 0, 0, 0, 0, 0, 0, 0, 0, 0, 0, 0, 0, 0, 0, 0, 0, 0, 0, 0, 0, 0, 0, 0, 0, 0, 0, 0, 0, 0, 0, 0, 0, 0, 0, 0, 0, 0, 0, 0, 0, 0, 0, 0, 0, 0, 0, 0, 0, 0, 0, 0, 0, 0, 0, 0, 0, 0, 0, 0, 0, 0, 0, 0, 0, 0, 0, 0, 0, 0, 0, 0, 0, 0, 0, 0, 0, 0, 0, 0, 0, 0, 0, 0, 0, 0, 0, 0, 0, 0, 0, 0, 0, 0, 0, 0, 0, 0, 0, 0, 0, 0, 0, 0, 0, 0, 0, 0, 0, 0, 0, 0, 0, 0, 0, 0, 0, 0, 0, 0, 0, 0, 0, 0, 0, 0, 0, 0, 0, 0, 0, 0, 0, 0, 0, 0, 0, 0, 0, 0, 0, 0, 0, 0, 0, 0, 0, 0, 0, 0, 0, 0, 0, 0, 0, 0, 0, 0, 0, 0, 0, 0, 0, 0, 0, 0, 0, 0, 0, 0, 0, 0, 0, 0, 0, 0, 0, 0, 0, 0, 0, 0, 0, 0, 0, 0, 0, 0, 0, 0, 0, 0, 0, 0, 0, 0, 0, 0, 0, 0, 0, 0, 0, 0, 0, 0, 0, 0, 0, 0, 0, 0, 0, 0, 0, 0, 0, 0, 0, 0, 0, 0, 0, 0, 0, 0, 0, 0, 0, 0, 0, 0, 0, 0, 0, 0, 0, 0, 0, 0, 0, 0, 0, 0, 0, 0, 0, 0, 0, 0, 0, 0, 0, 0, 0, 0, 0, 0, 0, 0, 0, 0, 0, 0, 0, 0, 0, 0, 0, 0, 0, 0, 0, 0, 0, 0, 0, 0, 0, 0, 0, 0, 0, 0, 0, 0, 0, 0, 0, 0, 0, 0, 0, 0, 0, 0, 0, 0, 0, 0, 0, 0, 0, 0, 0, 0, 0, 0, 0, 0, 0, 0, 0, 0, 0, 0, 0, 0, 0, 0, 0, 0, 0, 0, 0, 0, 0, 0, 0, 0, 0, 0, 0, 0, 0, 0, 0, 0, 0, 0, 0, 0, 0, 0, 0, 0, 0, 0, 0, 0, 0, 0, 0, 0, 0, 0, 0, 0, 0, 0, 0, 0, 0, 0, 0, 0, 0, 0, 0, 0, 0, 0, 0, 0, 0, 0, 0, 0, 0, 0, 0, 0, 0, 0, 0, 0, 0, 0, 0, 0, 0, 0, 0, 0, 0, 0, 0, 0, 0, 0, 0, 0, 0, 0, 0, 0, 0, 0, 0, 0, 0, 0, 0, 0, 0, 0, 0, 0, 0, 0, 0, 0, 0, 0, 0, 0, 0]
POBP (disc): tot_buckets=1, mapping=[0, 0, 0, 0, 0, 0, 0, 0, 0, 0, 0, 0, 0, 0, 0, 0, 0, 0, 0, 0, 0, 0, 0, 0, 0, 0, 0, 0, 0, 0, 0, 0, 0, 0, 0, 0, 0, 0, 0, 0, 0, 0, 0, 0, 0, 0, 0, 0, 0, 0, 0, 0, 0, 0, 0, 0, 0, 0, 0, 0, 0, 0, 0, 0, 0, 0, 0, 0, 0, 0, 0, 0, 0, 0, 0, 0, 0, 0, 0, 0, 0, 0, 0, 0, 0, 0, 0, 0, 0, 0, 0, 0, 0, 0, 0, 0, 0, 0, 0, 0, 0, 0, 0, 0, 0, 0, 0, 0, 0, 0, 0, 0, 0, 0, 0, 0, 0, 0, 0, 0, 0, 0, 0, 0, 0, 0, 0, 0, 0, 0, 0, 0, 0, 0, 0, 0, 0, 0, 0, 0, 0, 0, 0, 0, 0, 0, 0, 0, 0, 0, 0, 0, 0, 0, 0, 0, 0, 0, 0, 0, 0, 0, 0, 0, 0, 0, 0, 0, 0, 0, 0, 0, 0, 0, 0, 0, 0, 0, 0, 0, 0, 0, 0, 0, 0, 0, 0, 0, 0, 0, 0, 0, 0, 0, 0, 0, 0, 0, 0, 0, 0, 0, 0, 0, 0, 0, 0, 0, 0, 0, 0, 0]
RELP (disc): tot_buckets=2, mapping=[0, 0, 0, 0, 0, 1, 0, 0, 0, 0, 0, 0, 0, 0, 0, 0, 0]
SEX (disc): tot_buckets=2, mapping=[0, 1]
RAC1P (disc): tot_buckets=1, mapping=[0, 0, 0, 0, 0, 0, 0, 0, 0]
Used 26 buckets in total
================
LR:
0.01
LR:
0.01
LR:
0.01
LR:
0.01
LR:
0.01
==================
================
Bucketization:
AGEP (cont): tot_buckets=4, borders=[0.11, 0.448, 0.903]
		Train set values would map to 4 buckets: [0, 0, 0, 0, 0, 0, 0, 0, 0, 1, 1, 1, 1, 1, 1, 1, 1, 1, 1, 1, 1, 1, 1, 1, 1, 1, 1, 1, 1, 1, 1, 1, 1, 1, 1, 2, 2, 2, 2, 2, 2, 2, 2, 2, 2, 2, 2, 2, 2, 2, 2, 2, 2, 2, 2, 2, 2, 2, 2, 2, 2, 2, 2, 2, 2, 2, 2, 2, 2, 2, 3, 3, 3, 3, 3]
SCHL (cont): tot_buckets=1, borders=[]
		Train set values would map to 1 buckets: [0, 0, 0, 0, 0, 0, 0, 0, 0, 0, 0, 0, 0, 0, 0, 0, 0, 0, 0, 0, 0, 0, 0, 0]
WKHP (cont): tot_buckets=2, borders=[0.403]
		Train set values would map to 2 buckets: [0, 0, 0, 0, 0, 0, 0, 0, 0, 0, 0, 0, 0, 0, 0, 0, 0, 0, 0, 0, 0, 0, 0, 0, 0, 0, 0, 0, 0, 0, 0, 0, 0, 0, 0, 0, 0, 0, 0, 0, 1, 1, 1, 1, 1, 1, 1, 1, 1, 1, 1, 1, 1, 1, 1, 1, 1, 1, 1, 1, 1, 1, 1, 1, 1, 1, 1, 1, 1, 1, 1, 1, 1, 1, 1, 1, 1, 1, 1, 1, 1, 1, 1, 1, 1, 1, 1, 1, 1, 1, 1, 1, 1, 1, 1]
COW (disc): tot_buckets=1, mapping=[0, 0, 0, 0, 0, 0, 0, 0]
MAR (disc): tot_buckets=1, mapping=[0, 0, 0, 0, 0]
OCCP (disc): tot_buckets=2, mapping=[0, 0, 0, 0, 0, 0, 0, 0, 1, 0, 1, 0, 0, 0, 0, 0, 0, 0, 1, 0, 1, 0, 0, 1, 1, 0, 0, 1, 0, 0, 1, 1, 0, 0, 1, 0, 1, 1, 0, 0, 0, 0, 1, 0, 0, 1, 0, 0, 0, 0, 0, 1, 1, 1, 0, 0, 0, 0, 0, 0, 0, 0, 0, 0, 0, 0, 0, 0, 1, 1, 0, 0, 0, 0, 0, 1, 0, 1, 0, 0, 0, 0, 0, 0, 1, 1, 0, 0, 1, 0, 1, 1, 0, 0, 0, 0, 0, 0, 0, 1, 1, 0, 1, 1, 1, 1, 1, 1, 1, 1, 1, 1, 1, 0, 1, 1, 0, 0, 1, 0, 0, 1, 1, 1, 0, 0, 1, 0, 1, 0, 1, 0, 1, 1, 1, 1, 1, 1, 0, 0, 1, 1, 0, 1, 1, 1, 1, 0, 0, 1, 0, 0, 0, 1, 1, 0, 1, 0, 1, 0, 0, 1, 0, 0, 0, 0, 1, 1, 0, 0, 1, 1, 1, 1, 1, 1, 0, 1, 1, 1, 1, 1, 1, 1, 1, 1, 1, 1, 0, 0, 0, 1, 0, 0, 0, 0, 1, 0, 1, 1, 1, 0, 1, 1, 1, 1, 1, 1, 1, 1, 0, 1, 1, 1, 1, 1, 1, 1, 1, 1, 1, 1, 1, 0, 1, 1, 1, 1, 0, 1, 1, 1, 1, 1, 1, 1, 1, 1, 1, 1, 1, 1, 1, 0, 1, 1, 1, 1, 0, 1, 0, 1, 1, 0, 1, 0, 0, 1, 1, 0, 0, 0, 1, 0, 1, 1, 1, 1, 1, 1, 1, 1, 1, 1, 1, 1, 1, 1, 1, 1, 1, 1, 0, 1, 1, 1, 1, 1, 1, 1, 0, 1, 1, 0, 0, 1, 1, 1, 0, 1, 0, 1, 1, 1, 1, 1, 1, 1, 1, 1, 1, 1, 1, 1, 1, 1, 1, 0, 0, 1, 1, 1, 0, 1, 1, 0, 1, 0, 1, 0, 0, 0, 1, 1, 0, 0, 1, 0, 1, 1, 1, 0, 0, 1, 0, 0, 1, 1, 0, 0, 1, 0, 1, 1, 1, 1, 1, 0, 0, 1, 1, 1, 1, 0, 0, 1, 1, 0, 1, 1, 1, 0, 0, 0, 0, 1, 1, 1, 1, 0, 1, 0, 0, 1, 0, 1, 1, 1, 1, 1, 1, 1, 1, 1, 0, 1, 1, 1, 1, 1, 1, 1, 1, 1, 1, 1, 1, 1, 1, 1, 1, 1, 1, 1, 1, 1, 1, 1, 1, 0, 1, 1, 0, 0, 0, 1, 1, 1, 1, 1, 1, 1, 1, 1, 1, 1, 0, 0, 1, 1, 1, 1, 1, 0, 0, 1, 1, 1, 1, 1, 1, 1, 0, 0, 1, 1, 0, 1, 1, 0, 1, 1, 0, 0, 1, 1, 1, 1, 1, 1, 0, 0, 1, 0, 0, 1, 0]
POBP (disc): tot_buckets=3, mapping=[0, 1, 2, 1, 0, 0, 0, 0, 0, 0, 0, 0, 0, 0, 2, 0, 2, 2, 0, 0, 0, 0, 2, 0, 0, 0, 0, 0, 0, 2, 0, 2, 0, 2, 0, 0, 0, 0, 0, 0, 0, 2, 2, 0, 0, 0, 0, 0, 0, 2, 0, 2, 2, 0, 0, 1, 0, 0, 0, 0, 0, 2, 0, 0, 0, 0, 0, 2, 0, 0, 2, 0, 0, 0, 0, 0, 0, 1, 0, 2, 0, 0, 0, 0, 0, 1, 0, 1, 1, 0, 0, 0, 1, 0, 0, 0, 1, 1, 1, 2, 0, 0, 1, 0, 2, 0, 0, 0, 0, 0, 0, 0, 0, 0, 0, 0, 0, 0, 0, 2, 0, 0, 1, 2, 0, 0, 0, 0, 1, 0, 0, 0, 2, 0, 0, 1, 1, 0, 2, 0, 0, 2, 0, 1, 0, 0, 1, 0, 0, 0, 0, 2, 0, 0, 2, 0, 0, 2, 0, 0, 0, 0, 1, 0, 0, 0, 0, 2, 0, 0, 0, 1, 0, 0, 0, 0, 0, 0, 0, 1, 2, 0, 1, 0, 0, 2, 2, 1, 0, 0, 2, 2, 2, 0, 0, 0, 2, 0, 0, 0, 0, 2, 0, 0, 0, 1, 0, 0, 0, 0, 0, 2]
RELP (disc): tot_buckets=5, mapping=[0, 1, 2, 2, 3, 2, 2, 1, 4, 2, 2, 3, 1, 2, 2, 2, 2]
SEX (disc): tot_buckets=1, mapping=[0, 0]
RAC1P (disc): tot_buckets=4, mapping=[0, 0, 0, 0, 1, 0, 2, 3, 0]
Used 24 buckets in total
================
LR:
0.001
LR:
0.001
LR:
0.001
LR:
0.001
LR:
0.001
==================
================
Bucketization:
AGEP (cont): tot_buckets=4, borders=[0.006, 0.656, 0.89]
		Train set values would map to 4 buckets: [0, 1, 1, 1, 1, 1, 1, 1, 1, 1, 1, 1, 1, 1, 1, 1, 1, 1, 1, 1, 1, 1, 1, 1, 1, 1, 1, 1, 1, 1, 1, 1, 1, 1, 1, 1, 1, 1, 1, 1, 1, 1, 1, 1, 1, 1, 1, 1, 1, 1, 1, 2, 2, 2, 2, 2, 2, 2, 2, 2, 2, 2, 2, 2, 2, 2, 2, 2, 2, 3, 3, 3, 3, 3, 3]
SCHL (cont): tot_buckets=2, borders=[0.891]
		Train set values would map to 2 buckets: [0, 0, 0, 0, 0, 0, 0, 0, 0, 0, 0, 0, 0, 0, 0, 0, 0, 0, 0, 0, 0, 1, 1, 1]
WKHP (cont): tot_buckets=3, borders=[0.485, 0.903]
		Train set values would map to 3 buckets: [0, 0, 0, 0, 0, 0, 0, 0, 0, 0, 0, 0, 0, 0, 0, 0, 0, 0, 0, 0, 0, 0, 0, 0, 0, 0, 0, 0, 0, 0, 0, 0, 0, 0, 0, 0, 0, 0, 0, 0, 0, 0, 0, 0, 0, 0, 0, 0, 1, 1, 1, 1, 1, 1, 1, 1, 1, 1, 1, 1, 1, 1, 1, 1, 1, 1, 1, 1, 1, 1, 1, 1, 1, 1, 1, 1, 1, 1, 1, 1, 1, 1, 1, 1, 1, 1, 1, 2, 2, 2, 2, 2, 2, 2, 2]
COW (disc): tot_buckets=1, mapping=[0, 0, 0, 0, 0, 0, 0, 0]
MAR (disc): tot_buckets=1, mapping=[0, 0, 0, 0, 0]
OCCP (disc): tot_buckets=2, mapping=[0, 0, 1, 0, 0, 0, 0, 0, 0, 0, 0, 0, 0, 0, 0, 0, 0, 0, 1, 0, 1, 0, 0, 0, 0, 0, 0, 0, 0, 0, 0, 0, 0, 0, 1, 0, 0, 1, 0, 1, 0, 0, 0, 0, 0, 1, 0, 0, 0, 1, 0, 0, 0, 1, 0, 0, 0, 0, 0, 0, 0, 0, 0, 0, 0, 0, 0, 0, 0, 0, 0, 0, 0, 0, 0, 0, 0, 0, 0, 0, 0, 0, 0, 0, 0, 0, 0, 0, 1, 0, 0, 1, 0, 0, 0, 0, 0, 0, 0, 1, 1, 0, 1, 1, 0, 1, 1, 1, 1, 1, 1, 1, 1, 0, 1, 0, 0, 0, 1, 0, 0, 1, 1, 0, 0, 0, 1, 0, 1, 0, 0, 0, 1, 1, 0, 1, 1, 0, 0, 0, 0, 0, 0, 0, 1, 1, 1, 0, 0, 0, 0, 0, 0, 0, 1, 0, 0, 0, 1, 0, 0, 1, 0, 0, 0, 0, 1, 0, 0, 0, 1, 0, 1, 1, 1, 0, 0, 1, 1, 1, 1, 1, 1, 1, 1, 1, 0, 1, 0, 0, 0, 1, 0, 0, 0, 0, 1, 0, 1, 0, 1, 1, 1, 1, 1, 1, 1, 1, 1, 1, 0, 1, 0, 1, 1, 1, 1, 1, 1, 1, 1, 1, 1, 0, 1, 1, 1, 1, 0, 1, 1, 1, 1, 1, 1, 1, 1, 1, 1, 1, 1, 1, 1, 0, 1, 1, 1, 1, 0, 0, 0, 1, 1, 0, 1, 0, 0, 1, 1, 0, 1, 0, 1, 0, 1, 1, 1, 1, 1, 0, 1, 0, 1, 1, 1, 1, 0, 1, 1, 1, 1, 1, 0, 1, 1, 1, 1, 1, 1, 1, 0, 1, 0, 0, 0, 0, 1, 1, 0, 1, 0, 1, 1, 1, 1, 1, 1, 1, 0, 1, 1, 0, 1, 1, 1, 1, 1, 0, 0, 0, 1, 1, 0, 0, 1, 0, 1, 0, 1, 0, 1, 0, 1, 1, 0, 0, 0, 0, 1, 1, 1, 0, 0, 1, 0, 0, 1, 1, 0, 0, 0, 0, 1, 1, 1, 1, 1, 0, 0, 1, 1, 1, 1, 0, 0, 0, 0, 0, 1, 1, 1, 0, 0, 0, 0, 1, 1, 1, 1, 0, 1, 0, 0, 1, 0, 0, 1, 1, 1, 1, 1, 1, 1, 1, 0, 1, 1, 1, 1, 0, 0, 1, 0, 1, 1, 1, 1, 1, 1, 1, 1, 1, 1, 1, 1, 1, 1, 1, 1, 0, 1, 0, 0, 0, 0, 0, 1, 1, 1, 1, 1, 1, 1, 1, 1, 1, 0, 0, 0, 1, 1, 0, 1, 0, 0, 0, 1, 1, 1, 1, 1, 1, 0, 0, 1, 0, 0, 1, 1, 0, 1, 1, 0, 0, 1, 1, 1, 1, 1, 1, 0, 0, 1, 0, 1, 0, 0]
POBP (disc): tot_buckets=3, mapping=[0, 1, 1, 1, 0, 0, 0, 0, 0, 2, 0, 1, 2, 0, 1, 0, 1, 1, 2, 0, 0, 0, 1, 0, 0, 2, 2, 2, 1, 1, 0, 1, 0, 1, 2, 0, 2, 0, 0, 2, 0, 2, 1, 0, 0, 0, 2, 2, 2, 1, 0, 1, 1, 2, 0, 1, 2, 0, 0, 1, 0, 1, 2, 0, 2, 0, 0, 1, 0, 0, 1, 0, 0, 1, 0, 0, 0, 1, 0, 1, 0, 1, 0, 0, 0, 1, 0, 1, 1, 2, 2, 0, 1, 0, 2, 2, 1, 1, 1, 1, 0, 1, 1, 1, 2, 0, 2, 0, 2, 0, 0, 2, 0, 0, 0, 0, 0, 0, 0, 2, 0, 0, 1, 1, 0, 2, 2, 2, 1, 2, 2, 2, 1, 1, 0, 1, 1, 0, 1, 0, 2, 1, 0, 1, 0, 2, 1, 0, 0, 0, 0, 1, 2, 0, 1, 0, 0, 1, 0, 0, 1, 0, 1, 0, 0, 0, 2, 2, 2, 0, 0, 1, 2, 0, 2, 1, 2, 0, 2, 1, 1, 0, 1, 0, 1, 2, 2, 1, 0, 0, 1, 1, 1, 0, 0, 0, 1, 2, 0, 0, 0, 1, 0, 2, 2, 1, 0, 0, 1, 0, 0, 1]
RELP (disc): tot_buckets=2, mapping=[0, 0, 1, 1, 1, 1, 1, 1, 1, 1, 1, 1, 1, 1, 1, 1, 1]
SEX (disc): tot_buckets=1, mapping=[0, 0]
RAC1P (disc): tot_buckets=3, mapping=[0, 0, 0, 0, 1, 0, 2, 2, 0]
Used 22 buckets in total
================
LR:
0.0001
LR:
0.0001
LR:
0.0001
LR:
0.0001
LR:
0.0001
==================
================
Bucketization:
AGEP (cont): tot_buckets=5, borders=[0.032, 0.227, 0.617, 0.825]
		Train set values would map to 5 buckets: [0, 0, 0, 1, 1, 1, 1, 1, 1, 1, 1, 1, 1, 1, 1, 1, 1, 1, 2, 2, 2, 2, 2, 2, 2, 2, 2, 2, 2, 2, 2, 2, 2, 2, 2, 2, 2, 2, 2, 2, 2, 2, 2, 2, 2, 2, 2, 2, 3, 3, 3, 3, 3, 3, 3, 3, 3, 3, 3, 3, 3, 3, 3, 3, 4, 4, 4, 4, 4, 4, 4, 4, 4, 4, 4]
SCHL (cont): tot_buckets=2, borders=[0.935]
		Train set values would map to 2 buckets: [0, 0, 0, 0, 0, 0, 0, 0, 0, 0, 0, 0, 0, 0, 0, 0, 0, 0, 0, 0, 0, 0, 1, 1]
WKHP (cont): tot_buckets=4, borders=[0.332, 0.444, 0.515]
		Train set values would map to 4 buckets: [0, 0, 0, 0, 0, 0, 0, 0, 0, 0, 0, 0, 0, 0, 0, 0, 0, 0, 0, 0, 0, 0, 0, 0, 0, 0, 0, 0, 0, 0, 0, 0, 0, 1, 1, 1, 1, 1, 1, 1, 1, 1, 1, 1, 2, 2, 2, 2, 2, 2, 2, 3, 3, 3, 3, 3, 3, 3, 3, 3, 3, 3, 3, 3, 3, 3, 3, 3, 3, 3, 3, 3, 3, 3, 3, 3, 3, 3, 3, 3, 3, 3, 3, 3, 3, 3, 3, 3, 3, 3, 3, 3, 3, 3, 3]
COW (disc): tot_buckets=1, mapping=[0, 0, 0, 0, 0, 0, 0, 0]
MAR (disc): tot_buckets=1, mapping=[0, 0, 0, 0, 0]
OCCP (disc): tot_buckets=2, mapping=[0, 0, 1, 0, 0, 0, 0, 0, 0, 0, 0, 0, 0, 0, 0, 0, 0, 0, 1, 0, 1, 0, 0, 1, 0, 0, 0, 0, 0, 1, 1, 1, 0, 1, 1, 0, 0, 1, 0, 1, 0, 0, 0, 0, 0, 1, 1, 0, 0, 1, 0, 0, 0, 1, 0, 0, 0, 0, 0, 0, 0, 0, 0, 0, 0, 0, 0, 0, 0, 1, 0, 0, 1, 1, 0, 0, 0, 0, 0, 0, 1, 0, 0, 0, 1, 1, 0, 0, 1, 0, 1, 1, 0, 0, 0, 0, 0, 0, 0, 1, 1, 0, 1, 1, 1, 1, 1, 1, 1, 1, 1, 1, 1, 0, 1, 0, 0, 0, 1, 1, 0, 1, 1, 1, 0, 0, 1, 1, 1, 0, 1, 0, 1, 1, 0, 1, 1, 0, 0, 0, 0, 1, 1, 0, 1, 1, 1, 0, 0, 1, 0, 0, 0, 1, 0, 0, 1, 0, 1, 0, 0, 1, 0, 0, 0, 0, 1, 0, 0, 0, 1, 0, 1, 1, 1, 1, 0, 1, 1, 1, 1, 1, 1, 1, 1, 1, 0, 1, 0, 0, 0, 0, 0, 0, 0, 0, 1, 0, 1, 1, 1, 1, 1, 1, 1, 1, 1, 1, 1, 1, 0, 1, 1, 1, 1, 1, 1, 1, 1, 1, 1, 1, 1, 1, 1, 1, 1, 1, 0, 1, 1, 1, 1, 1, 1, 1, 1, 1, 1, 1, 1, 1, 1, 0, 1, 1, 1, 1, 0, 0, 0, 1, 1, 0, 1, 1, 0, 1, 1, 0, 1, 0, 1, 0, 1, 1, 1, 1, 1, 0, 1, 1, 1, 1, 1, 1, 1, 1, 1, 1, 1, 1, 0, 1, 1, 1, 1, 1, 1, 1, 1, 1, 1, 0, 0, 1, 1, 1, 1, 1, 0, 1, 1, 1, 1, 1, 1, 1, 1, 1, 1, 1, 1, 1, 1, 1, 1, 0, 0, 1, 1, 1, 0, 1, 1, 0, 1, 0, 1, 0, 1, 0, 1, 1, 1, 0, 0, 0, 1, 1, 1, 1, 0, 1, 0, 0, 1, 1, 0, 0, 1, 0, 1, 1, 1, 1, 1, 0, 0, 1, 1, 1, 1, 1, 0, 1, 1, 0, 1, 1, 1, 1, 0, 0, 0, 1, 1, 1, 1, 0, 1, 0, 0, 1, 0, 0, 1, 1, 1, 1, 1, 1, 1, 1, 0, 1, 1, 1, 1, 1, 1, 1, 0, 1, 1, 1, 1, 1, 1, 1, 1, 1, 1, 1, 1, 1, 1, 1, 1, 0, 1, 0, 0, 0, 0, 0, 1, 1, 1, 1, 1, 1, 1, 1, 1, 1, 0, 0, 1, 1, 1, 1, 1, 0, 0, 1, 1, 1, 1, 1, 1, 1, 0, 0, 1, 0, 0, 1, 1, 0, 1, 1, 0, 0, 1, 1, 1, 1, 1, 1, 0, 1, 1, 1, 1, 1, 0]
POBP (disc): tot_buckets=3, mapping=[0, 1, 1, 1, 0, 0, 0, 0, 0, 1, 0, 1, 2, 0, 1, 0, 1, 1, 1, 2, 0, 0, 1, 0, 2, 2, 2, 2, 1, 1, 0, 1, 0, 1, 2, 0, 2, 0, 0, 2, 0, 2, 1, 0, 0, 0, 2, 2, 2, 1, 0, 1, 1, 2, 0, 1, 2, 0, 0, 1, 0, 1, 2, 0, 2, 0, 0, 1, 0, 0, 1, 0, 0, 1, 0, 0, 0, 1, 0, 1, 0, 1, 0, 0, 0, 1, 0, 1, 1, 1, 2, 0, 1, 0, 2, 1, 1, 1, 1, 1, 0, 1, 1, 1, 2, 0, 1, 2, 2, 2, 0, 2, 0, 0, 0, 0, 0, 0, 2, 1, 0, 0, 1, 1, 0, 2, 2, 2, 1, 2, 1, 2, 1, 1, 0, 1, 1, 0, 1, 0, 2, 1, 0, 1, 2, 2, 1, 0, 0, 0, 0, 1, 2, 0, 1, 0, 0, 1, 0, 0, 1, 0, 1, 0, 0, 0, 1, 2, 1, 0, 0, 1, 2, 0, 2, 1, 2, 2, 2, 1, 1, 0, 1, 0, 1, 2, 2, 1, 0, 0, 1, 1, 1, 0, 0, 2, 1, 1, 0, 0, 0, 1, 0, 2, 2, 1, 0, 0, 1, 0, 0, 1]
RELP (disc): tot_buckets=2, mapping=[0, 0, 1, 1, 1, 1, 1, 1, 1, 1, 1, 1, 1, 1, 1, 1, 1]
SEX (disc): tot_buckets=1, mapping=[0, 0]
RAC1P (disc): tot_buckets=3, mapping=[0, 0, 0, 0, 1, 0, 2, 0, 0]
Used 24 buckets in total
================
LR:
1e-05
LR:
1e-05
LR:
1e-05
LR:
1e-05
LR:
1e-05
==================
================
Bucketization:
AGEP (cont): tot_buckets=5, borders=[0.123, 0.24, 0.448, 0.734]
		Train set values would map to 5 buckets: [0, 0, 0, 0, 0, 0, 0, 0, 0, 0, 1, 1, 1, 1, 1, 1, 1, 1, 1, 2, 2, 2, 2, 2, 2, 2, 2, 2, 2, 2, 2, 2, 2, 2, 2, 3, 3, 3, 3, 3, 3, 3, 3, 3, 3, 3, 3, 3, 3, 3, 3, 3, 3, 3, 3, 3, 3, 4, 4, 4, 4, 4, 4, 4, 4, 4, 4, 4, 4, 4, 4, 4, 4, 4, 4]
SCHL (cont): tot_buckets=5, borders=[0.63, 0.804, 0.891, 0.978]
		Train set values would map to 5 buckets: [0, 0, 0, 0, 0, 0, 0, 0, 0, 0, 0, 0, 0, 0, 0, 1, 1, 1, 1, 2, 2, 3, 3, 4]
WKHP (cont): tot_buckets=5, borders=[0.219, 0.342, 0.423, 0.515]
		Train set values would map to 5 buckets: [0, 0, 0, 0, 0, 0, 0, 0, 0, 0, 0, 0, 0, 0, 0, 0, 0, 0, 0, 0, 0, 0, 1, 1, 1, 1, 1, 1, 1, 1, 1, 1, 1, 1, 2, 2, 2, 2, 2, 2, 2, 2, 3, 3, 3, 3, 3, 3, 3, 3, 3, 4, 4, 4, 4, 4, 4, 4, 4, 4, 4, 4, 4, 4, 4, 4, 4, 4, 4, 4, 4, 4, 4, 4, 4, 4, 4, 4, 4, 4, 4, 4, 4, 4, 4, 4, 4, 4, 4, 4, 4, 4, 4, 4, 4]
COW (disc): tot_buckets=1, mapping=[0, 0, 0, 0, 0, 0, 0, 0]
MAR (disc): tot_buckets=1, mapping=[0, 0, 0, 0, 0]
OCCP (disc): tot_buckets=2, mapping=[0, 0, 1, 0, 0, 0, 0, 0, 0, 0, 0, 0, 0, 0, 0, 0, 0, 0, 1, 0, 1, 0, 0, 1, 0, 0, 0, 0, 0, 1, 1, 1, 0, 1, 1, 0, 0, 1, 0, 1, 0, 0, 0, 0, 0, 1, 1, 0, 0, 1, 0, 0, 0, 1, 0, 0, 0, 0, 0, 0, 0, 0, 0, 0, 0, 0, 0, 0, 0, 1, 0, 0, 1, 1, 0, 0, 0, 0, 0, 0, 1, 0, 0, 0, 1, 1, 0, 0, 1, 0, 1, 1, 0, 0, 0, 0, 0, 0, 0, 1, 1, 0, 1, 1, 1, 1, 1, 1, 1, 1, 1, 1, 1, 1, 1, 0, 0, 0, 1, 1, 0, 1, 1, 1, 0, 0, 1, 1, 1, 1, 1, 0, 1, 1, 0, 1, 1, 0, 0, 0, 0, 1, 1, 0, 1, 1, 1, 0, 0, 1, 0, 0, 0, 1, 0, 0, 1, 0, 1, 0, 0, 1, 0, 0, 0, 0, 1, 0, 0, 0, 1, 1, 1, 1, 1, 0, 0, 1, 1, 1, 1, 1, 1, 1, 1, 1, 0, 1, 0, 0, 0, 0, 0, 0, 0, 0, 1, 0, 1, 1, 1, 1, 1, 1, 1, 1, 1, 1, 1, 1, 0, 1, 1, 1, 1, 1, 1, 1, 1, 1, 1, 1, 1, 1, 1, 1, 1, 1, 0, 1, 1, 1, 1, 1, 1, 1, 1, 1, 1, 1, 1, 1, 1, 0, 1, 1, 1, 1, 0, 0, 0, 1, 1, 0, 1, 0, 0, 1, 1, 0, 1, 0, 1, 0, 1, 1, 1, 1, 1, 0, 1, 1, 1, 1, 1, 1, 1, 1, 1, 1, 1, 1, 0, 1, 0, 1, 1, 0, 1, 1, 1, 1, 1, 0, 0, 1, 1, 1, 0, 1, 0, 1, 1, 1, 1, 1, 1, 1, 1, 1, 1, 1, 1, 1, 1, 1, 1, 0, 0, 1, 1, 1, 0, 0, 1, 0, 1, 1, 1, 0, 1, 0, 1, 1, 1, 0, 0, 0, 1, 1, 1, 1, 0, 1, 0, 0, 1, 1, 0, 0, 1, 0, 1, 1, 1, 1, 1, 0, 0, 1, 1, 1, 1, 1, 0, 1, 1, 0, 1, 1, 1, 1, 0, 0, 0, 1, 1, 1, 1, 0, 1, 0, 0, 1, 0, 0, 1, 1, 1, 1, 1, 1, 1, 1, 0, 1, 0, 1, 1, 1, 1, 1, 0, 1, 1, 1, 1, 1, 1, 1, 1, 1, 1, 1, 1, 1, 1, 1, 1, 0, 1, 0, 0, 0, 0, 0, 1, 1, 1, 1, 1, 1, 1, 1, 1, 1, 0, 0, 1, 1, 1, 1, 1, 0, 0, 1, 1, 1, 1, 1, 1, 1, 0, 0, 1, 0, 0, 1, 1, 0, 1, 1, 0, 0, 1, 1, 1, 1, 1, 1, 0, 1, 1, 1, 1, 0, 0]
POBP (disc): tot_buckets=3, mapping=[0, 1, 1, 1, 2, 0, 0, 0, 0, 1, 0, 1, 2, 0, 1, 0, 1, 1, 1, 2, 0, 0, 1, 0, 2, 2, 1, 2, 1, 1, 0, 1, 0, 1, 2, 0, 2, 0, 0, 2, 0, 2, 1, 0, 0, 0, 2, 2, 2, 1, 0, 1, 1, 2, 0, 1, 2, 0, 0, 1, 0, 1, 2, 0, 2, 0, 0, 1, 0, 0, 1, 0, 0, 1, 0, 0, 0, 1, 0, 1, 0, 1, 0, 0, 0, 1, 0, 1, 1, 1, 2, 0, 1, 0, 2, 1, 1, 1, 1, 1, 0, 1, 1, 1, 2, 0, 1, 2, 2, 2, 0, 2, 0, 0, 0, 0, 0, 0, 2, 1, 0, 0, 1, 1, 0, 2, 2, 2, 1, 2, 1, 2, 1, 1, 0, 1, 1, 0, 1, 0, 2, 1, 0, 1, 2, 2, 1, 0, 0, 0, 2, 1, 2, 0, 1, 0, 0, 1, 0, 0, 1, 0, 1, 0, 0, 0, 1, 1, 1, 2, 0, 1, 2, 0, 2, 1, 2, 2, 2, 1, 1, 0, 1, 0, 1, 2, 2, 1, 0, 0, 1, 1, 1, 0, 2, 2, 1, 1, 0, 0, 0, 1, 0, 2, 2, 1, 0, 0, 1, 0, 0, 1]
RELP (disc): tot_buckets=2, mapping=[0, 0, 1, 1, 1, 1, 1, 1, 1, 1, 1, 1, 1, 1, 1, 1, 1]
SEX (disc): tot_buckets=1, mapping=[0, 0]
RAC1P (disc): tot_buckets=3, mapping=[0, 0, 0, 0, 1, 0, 2, 0, 0]
Used 28 buckets in total
================
Final bucketizations:
================
Bucketization:
AGEP (cont): tot_buckets=5, borders=[0.123, 0.24, 0.448, 0.734]
		Train set values would map to 5 buckets: [0, 0, 0, 0, 0, 0, 0, 0, 0, 0, 1, 1, 1, 1, 1, 1, 1, 1, 1, 2, 2, 2, 2, 2, 2, 2, 2, 2, 2, 2, 2, 2, 2, 2, 2, 3, 3, 3, 3, 3, 3, 3, 3, 3, 3, 3, 3, 3, 3, 3, 3, 3, 3, 3, 3, 3, 3, 4, 4, 4, 4, 4, 4, 4, 4, 4, 4, 4, 4, 4, 4, 4, 4, 4, 4]
SCHL (cont): tot_buckets=5, borders=[0.63, 0.804, 0.891, 0.978]
		Train set values would map to 5 buckets: [0, 0, 0, 0, 0, 0, 0, 0, 0, 0, 0, 0, 0, 0, 0, 1, 1, 1, 1, 2, 2, 3, 3, 4]
WKHP (cont): tot_buckets=5, borders=[0.219, 0.342, 0.423, 0.515]
		Train set values would map to 5 buckets: [0, 0, 0, 0, 0, 0, 0, 0, 0, 0, 0, 0, 0, 0, 0, 0, 0, 0, 0, 0, 0, 0, 1, 1, 1, 1, 1, 1, 1, 1, 1, 1, 1, 1, 2, 2, 2, 2, 2, 2, 2, 2, 3, 3, 3, 3, 3, 3, 3, 3, 3, 4, 4, 4, 4, 4, 4, 4, 4, 4, 4, 4, 4, 4, 4, 4, 4, 4, 4, 4, 4, 4, 4, 4, 4, 4, 4, 4, 4, 4, 4, 4, 4, 4, 4, 4, 4, 4, 4, 4, 4, 4, 4, 4, 4]
COW (disc): tot_buckets=1, mapping=[0, 0, 0, 0, 0, 0, 0, 0]
MAR (disc): tot_buckets=1, mapping=[0, 0, 0, 0, 0]
OCCP (disc): tot_buckets=2, mapping=[0, 0, 1, 0, 0, 0, 0, 0, 0, 0, 0, 0, 0, 0, 0, 0, 0, 0, 1, 0, 1, 0, 0, 1, 0, 0, 0, 0, 0, 1, 1, 1, 0, 1, 1, 0, 0, 1, 0, 1, 0, 0, 0, 0, 0, 1, 1, 0, 0, 1, 0, 0, 0, 1, 0, 0, 0, 0, 0, 0, 0, 0, 0, 0, 0, 0, 0, 0, 0, 1, 0, 0, 1, 1, 0, 0, 0, 0, 0, 0, 1, 0, 0, 0, 1, 1, 0, 0, 1, 0, 1, 1, 0, 0, 0, 0, 0, 0, 0, 1, 1, 0, 1, 1, 1, 1, 1, 1, 1, 1, 1, 1, 1, 1, 1, 0, 0, 0, 1, 1, 0, 1, 1, 1, 0, 0, 1, 1, 1, 1, 1, 0, 1, 1, 0, 1, 1, 0, 0, 0, 0, 1, 1, 0, 1, 1, 1, 0, 0, 1, 0, 0, 0, 1, 0, 0, 1, 0, 1, 0, 0, 1, 0, 0, 0, 0, 1, 0, 0, 0, 1, 1, 1, 1, 1, 0, 0, 1, 1, 1, 1, 1, 1, 1, 1, 1, 0, 1, 0, 0, 0, 0, 0, 0, 0, 0, 1, 0, 1, 1, 1, 1, 1, 1, 1, 1, 1, 1, 1, 1, 0, 1, 1, 1, 1, 1, 1, 1, 1, 1, 1, 1, 1, 1, 1, 1, 1, 1, 0, 1, 1, 1, 1, 1, 1, 1, 1, 1, 1, 1, 1, 1, 1, 0, 1, 1, 1, 1, 0, 0, 0, 1, 1, 0, 1, 0, 0, 1, 1, 0, 1, 0, 1, 0, 1, 1, 1, 1, 1, 0, 1, 1, 1, 1, 1, 1, 1, 1, 1, 1, 1, 1, 0, 1, 0, 1, 1, 0, 1, 1, 1, 1, 1, 0, 0, 1, 1, 1, 0, 1, 0, 1, 1, 1, 1, 1, 1, 1, 1, 1, 1, 1, 1, 1, 1, 1, 1, 0, 0, 1, 1, 1, 0, 0, 1, 0, 1, 1, 1, 0, 1, 0, 1, 1, 1, 0, 0, 0, 1, 1, 1, 1, 0, 1, 0, 0, 1, 1, 0, 0, 1, 0, 1, 1, 1, 1, 1, 0, 0, 1, 1, 1, 1, 1, 0, 1, 1, 0, 1, 1, 1, 1, 0, 0, 0, 1, 1, 1, 1, 0, 1, 0, 0, 1, 0, 0, 1, 1, 1, 1, 1, 1, 1, 1, 0, 1, 0, 1, 1, 1, 1, 1, 0, 1, 1, 1, 1, 1, 1, 1, 1, 1, 1, 1, 1, 1, 1, 1, 1, 0, 1, 0, 0, 0, 0, 0, 1, 1, 1, 1, 1, 1, 1, 1, 1, 1, 0, 0, 1, 1, 1, 1, 1, 0, 0, 1, 1, 1, 1, 1, 1, 1, 0, 0, 1, 0, 0, 1, 1, 0, 1, 1, 0, 0, 1, 1, 1, 1, 1, 1, 0, 1, 1, 1, 1, 0, 0]
POBP (disc): tot_buckets=3, mapping=[0, 1, 1, 1, 2, 0, 0, 0, 0, 1, 0, 1, 2, 0, 1, 0, 1, 1, 1, 2, 0, 0, 1, 0, 2, 2, 1, 2, 1, 1, 0, 1, 0, 1, 2, 0, 2, 0, 0, 2, 0, 2, 1, 0, 0, 0, 2, 2, 2, 1, 0, 1, 1, 2, 0, 1, 2, 0, 0, 1, 0, 1, 2, 0, 2, 0, 0, 1, 0, 0, 1, 0, 0, 1, 0, 0, 0, 1, 0, 1, 0, 1, 0, 0, 0, 1, 0, 1, 1, 1, 2, 0, 1, 0, 2, 1, 1, 1, 1, 1, 0, 1, 1, 1, 2, 0, 1, 2, 2, 2, 0, 2, 0, 0, 0, 0, 0, 0, 2, 1, 0, 0, 1, 1, 0, 2, 2, 2, 1, 2, 1, 2, 1, 1, 0, 1, 1, 0, 1, 0, 2, 1, 0, 1, 2, 2, 1, 0, 0, 0, 2, 1, 2, 0, 1, 0, 0, 1, 0, 0, 1, 0, 1, 0, 0, 0, 1, 1, 1, 2, 0, 1, 2, 0, 2, 1, 2, 2, 2, 1, 1, 0, 1, 0, 1, 2, 2, 1, 0, 0, 1, 1, 1, 0, 2, 2, 1, 1, 0, 0, 0, 1, 0, 2, 2, 1, 0, 0, 1, 0, 0, 1]
RELP (disc): tot_buckets=2, mapping=[0, 0, 1, 1, 1, 1, 1, 1, 1, 1, 1, 1, 1, 1, 1, 1, 1]
SEX (disc): tot_buckets=1, mapping=[0, 0]
RAC1P (disc): tot_buckets=3, mapping=[0, 0, 0, 0, 1, 0, 2, 0, 0]
Used 28 buckets in total
================
k_anon=1 , l_div=-0.0, size=1407
Final results:
----> Evaluating: Training new classifiers and a new adversary on 1-hot buckets (28 fts) - torch.Size([57714, 733]) points
----> Evaluating: Training classifier 1
[Trying CLF with wd=1e-06] 0.813 -> 0.805
[Trying CLF with wd=1e-05] 0.812 -> 0.804
[Trying CLF with wd=0.0001] 0.813 -> 0.806
[Trying CLF with wd=0.001] 0.812 -> 0.805
[Trying CLF with wd=0.002] 0.812 -> 0.804
[Trying CLF with wd=0.004] 0.810 -> 0.805
[Trying CLF with wd=0.006] 0.811 -> 0.804
[Trying CLF with wd=0.008] 0.810 -> 0.803
[Trying CLF with wd=0.01] 0.809 -> 0.800
[Trying CLF with wd=0.02] 0.808 -> 0.800
[Trying CLF with wd=0.05] 0.802 -> 0.791
Chose 0.0001
[clf] train_acc=0.813, val_acc=0.806, test_acc=0.810
Adversary uses torch.Size([57714, 733]) points!
[Trying ADV with wd=1e-06] 0.554 -> 0.556
[Trying ADV with wd=1e-05] 0.554 -> 0.557
[Trying ADV with wd=0.0001] 0.552 -> 0.554
[Trying ADV with wd=0.001] 0.547 -> 0.549
[Trying ADV with wd=0.002] 0.544 -> 0.547
[Trying ADV with wd=0.004] 0.542 -> 0.545
[Trying ADV with wd=0.006] 0.541 -> 0.544
[Trying ADV with wd=0.008] 0.542 -> 0.545
[Trying ADV with wd=0.01] 0.519 -> 0.522
[Trying ADV with wd=0.02] 0.526 -> 0.530
[Trying ADV with wd=0.05] 0.515 -> 0.519
Chose 1e-05
[adv test] adv accuracy per feature:
	feat=COW: tr= 0.653, va= 0.657, te= 0.652
	feat=MAR: tr= 0.715, va= 0.712, te= 0.717
	feat=OCCP: tr= 0.052, va= 0.056, te= 0.053
	feat=POBP: tr= 0.618, va= 0.620, te= 0.620
	feat=RELP: tr= 0.602, va= 0.607, te= 0.599
	feat=SEX: tr= 0.596, va= 0.596, te= 0.592
	feat=RAC1P: tr= 0.638, va= 0.649, te= 0.641
[adv] train_acc=0.554, val_acc=0.557, test_acc=0.554
[ADV Quantile] 0.99: 0.721
[ADV Quantile] 0.98: 0.697
[ADV Quantile] 0.95: 0.708
[ADV Quantile] 0.90: 0.696
[ADV Quantile] 0.80: 0.680
[ADV Quantile] 0.50: 0.636
[ADV Quantile] 0.00: 0.554
[ADV EXACT] train_acc=130.0/57714, val_acc=36.0/9619, test_acc=72.0/28857
Adversary uses torch.Size([57714, 733]) points!
[Trying ADV with wd=1e-06] 0.511 -> 0.512
[Trying ADV with wd=1e-05] 0.510 -> 0.512
[Trying ADV with wd=0.0001] 0.513 -> 0.515
[Trying ADV with wd=0.001] 0.511 -> 0.512
[Trying ADV with wd=0.002] 0.507 -> 0.509
[Trying ADV with wd=0.004] 0.497 -> 0.499
[Trying ADV with wd=0.006] 0.498 -> 0.500
[Trying ADV with wd=0.008] 0.492 -> 0.495
[Trying ADV with wd=0.01] 0.491 -> 0.494
[Trying ADV with wd=0.02] 0.491 -> 0.494
[Trying ADV with wd=0.05] 0.473 -> 0.475
Chose 0.0001
[adv test] adv accuracy per feature:
	feat=COW: tr= 0.653, va= 0.657, te= 0.652
	feat=MAR: tr= 0.713, va= 0.713, te= 0.714
	feat=OCCP: tr= 0.045, va= 0.043, te= 0.043
	feat=POBP: tr= 0.463, va= 0.461, te= 0.457
	feat=RELP: tr= 0.479, va= 0.482, te= 0.476
	feat=SEX: tr= 0.607, va= 0.605, te= 0.605
	feat=RAC1P: tr= 0.633, va= 0.643, te= 0.636
[adv] train_acc=0.513, val_acc=0.515, test_acc=0.512
[ADV Quantile] 0.99: 0.652
[ADV Quantile] 0.98: 0.651
[ADV Quantile] 0.95: 0.653
[ADV Quantile] 0.90: 0.665
[ADV Quantile] 0.80: 0.656
[ADV Quantile] 0.50: 0.622
[ADV Quantile] 0.00: 0.512
[ADV EXACT] train_acc=115.0/57714, val_acc=21.0/9619, test_acc=47.0/28857
==================
{'clf': [(0.8125064975755083, 0.8063208236492576, 0.8096475724858835)], 'adv_recovery-ops': [(0.5535029844980212, 0.5568884744736037, 0.5536622678208742)], 'adv_recovery': [(0.5132821770373133, 0.5149683636662207, 0.5118508578882129)]}
