-------------------------------------CONFIG-------------------------------------
neptune_config:
 neptune_run_label: None
 use_neptune: False
dataset_config:
 dataset: ACSIncome
 acs_state: CA
 acs_year: 2014
 shift_state: None
 shift_year: None
 freeze_feature: []
 add_syn: False
 bucketization_percent: 1.0
 train_percent: 1.0
 adv_percent: 1.0
 sens_feats: disc
 val_split: 0.1
 test_split: 0.3
 batch_size: 256
eval_config:
Classifiers:
 Classifier 0:
  Model: mlp2 Epochs: 20 LR: 0.01 WD: 0.0
Adversary 0:
  Model: mlp2 Epochs: 20 LR: 0.01 WD: 0.0
Adversary 1:
  Model: mlp2 Epochs: 20 LR: 0.01 WD: 0.0
min_config:
advtrain_max_buckets=5,advtrain_n_epochs=20,advtrain_inner_steps=1,advtrain_weight=0.2
seed: 123
device: cpu
out_dir: final_results/acs
compute_guarantees: False
get_clf_upper_bound: False
fairness_sens_col: None
num_workers: 12
logger_level: INFO
-----------------------------------CONFIG END-----------------------------------

majority class acc (clf ACC LB): train_acc=0.643 test_acc=0.651
feat=COW, majority_freqs: train=0.653 test=0.652
feat=MAR, majority_freqs: train=0.534 test=0.536
feat=OCCP, majority_freqs: train=0.032 test=0.030
feat=POBP, majority_freqs: train=0.462 test=0.458
feat=RELP, majority_freqs: train=0.479 test=0.476
feat=SEX, majority_freqs: train=0.534 test=0.535
feat=RAC1P, majority_freqs: train=0.633 test=0.636
[adv] naive majority freq guess (adv ACC LB): train_acc=0.475, test_acc=0.474

Running data minimizer: advtrain
new_nb_fts=50
================
Bucketization:
AGEP (cont): tot_buckets=5, borders=[0.084, 0.266, 0.409, 0.565]
		Train set values would map to 5 buckets: [0, 0, 0, 0, 0, 0, 0, 1, 1, 1, 1, 1, 1, 1, 1, 1, 1, 1, 1, 1, 1, 2, 2, 2, 2, 2, 2, 2, 2, 2, 2, 2, 3, 3, 3, 3, 3, 3, 3, 3, 3, 3, 3, 3, 4, 4, 4, 4, 4, 4, 4, 4, 4, 4, 4, 4, 4, 4, 4, 4, 4, 4, 4, 4, 4, 4, 4, 4, 4, 4, 4, 4, 4, 4, 4]
SCHL (cont): tot_buckets=5, borders=[0.543, 0.761, 0.804, 0.891]
		Train set values would map to 5 buckets: [0, 0, 0, 0, 0, 0, 0, 0, 0, 0, 0, 0, 0, 1, 1, 1, 1, 1, 2, 3, 3, 4, 4, 4]
WKHP (cont): tot_buckets=5, borders=[0.24, 0.362, 0.403, 0.485]
		Train set values would map to 5 buckets: [0, 0, 0, 0, 0, 0, 0, 0, 0, 0, 0, 0, 0, 0, 0, 0, 0, 0, 0, 0, 0, 0, 0, 0, 1, 1, 1, 1, 1, 1, 1, 1, 1, 1, 1, 1, 2, 2, 2, 2, 3, 3, 3, 3, 3, 3, 3, 3, 4, 4, 4, 4, 4, 4, 4, 4, 4, 4, 4, 4, 4, 4, 4, 4, 4, 4, 4, 4, 4, 4, 4, 4, 4, 4, 4, 4, 4, 4, 4, 4, 4, 4, 4, 4, 4, 4, 4, 4, 4, 4, 4, 4, 4, 4, 4]
COW (disc): tot_buckets=1, mapping=[0, 0, 0, 0, 0, 0, 0, 0]
MAR (disc): tot_buckets=3, mapping=[0, 1, 1, 2, 0]
OCCP (disc): tot_buckets=1, mapping=[0, 0, 0, 0, 0, 0, 0, 0, 0, 0, 0, 0, 0, 0, 0, 0, 0, 0, 0, 0, 0, 0, 0, 0, 0, 0, 0, 0, 0, 0, 0, 0, 0, 0, 0, 0, 0, 0, 0, 0, 0, 0, 0, 0, 0, 0, 0, 0, 0, 0, 0, 0, 0, 0, 0, 0, 0, 0, 0, 0, 0, 0, 0, 0, 0, 0, 0, 0, 0, 0, 0, 0, 0, 0, 0, 0, 0, 0, 0, 0, 0, 0, 0, 0, 0, 0, 0, 0, 0, 0, 0, 0, 0, 0, 0, 0, 0, 0, 0, 0, 0, 0, 0, 0, 0, 0, 0, 0, 0, 0, 0, 0, 0, 0, 0, 0, 0, 0, 0, 0, 0, 0, 0, 0, 0, 0, 0, 0, 0, 0, 0, 0, 0, 0, 0, 0, 0, 0, 0, 0, 0, 0, 0, 0, 0, 0, 0, 0, 0, 0, 0, 0, 0, 0, 0, 0, 0, 0, 0, 0, 0, 0, 0, 0, 0, 0, 0, 0, 0, 0, 0, 0, 0, 0, 0, 0, 0, 0, 0, 0, 0, 0, 0, 0, 0, 0, 0, 0, 0, 0, 0, 0, 0, 0, 0, 0, 0, 0, 0, 0, 0, 0, 0, 0, 0, 0, 0, 0, 0, 0, 0, 0, 0, 0, 0, 0, 0, 0, 0, 0, 0, 0, 0, 0, 0, 0, 0, 0, 0, 0, 0, 0, 0, 0, 0, 0, 0, 0, 0, 0, 0, 0, 0, 0, 0, 0, 0, 0, 0, 0, 0, 0, 0, 0, 0, 0, 0, 0, 0, 0, 0, 0, 0, 0, 0, 0, 0, 0, 0, 0, 0, 0, 0, 0, 0, 0, 0, 0, 0, 0, 0, 0, 0, 0, 0, 0, 0, 0, 0, 0, 0, 0, 0, 0, 0, 0, 0, 0, 0, 0, 0, 0, 0, 0, 0, 0, 0, 0, 0, 0, 0, 0, 0, 0, 0, 0, 0, 0, 0, 0, 0, 0, 0, 0, 0, 0, 0, 0, 0, 0, 0, 0, 0, 0, 0, 0, 0, 0, 0, 0, 0, 0, 0, 0, 0, 0, 0, 0, 0, 0, 0, 0, 0, 0, 0, 0, 0, 0, 0, 0, 0, 0, 0, 0, 0, 0, 0, 0, 0, 0, 0, 0, 0, 0, 0, 0, 0, 0, 0, 0, 0, 0, 0, 0, 0, 0, 0, 0, 0, 0, 0, 0, 0, 0, 0, 0, 0, 0, 0, 0, 0, 0, 0, 0, 0, 0, 0, 0, 0, 0, 0, 0, 0, 0, 0, 0, 0, 0, 0, 0, 0, 0, 0, 0, 0, 0, 0, 0, 0, 0, 0, 0, 0, 0, 0, 0, 0, 0, 0, 0, 0, 0, 0, 0, 0, 0, 0, 0, 0, 0, 0, 0, 0, 0, 0, 0, 0, 0, 0, 0, 0, 0, 0, 0, 0, 0, 0, 0, 0, 0, 0, 0, 0, 0, 0, 0, 0]
POBP (disc): tot_buckets=1, mapping=[0, 0, 0, 0, 0, 0, 0, 0, 0, 0, 0, 0, 0, 0, 0, 0, 0, 0, 0, 0, 0, 0, 0, 0, 0, 0, 0, 0, 0, 0, 0, 0, 0, 0, 0, 0, 0, 0, 0, 0, 0, 0, 0, 0, 0, 0, 0, 0, 0, 0, 0, 0, 0, 0, 0, 0, 0, 0, 0, 0, 0, 0, 0, 0, 0, 0, 0, 0, 0, 0, 0, 0, 0, 0, 0, 0, 0, 0, 0, 0, 0, 0, 0, 0, 0, 0, 0, 0, 0, 0, 0, 0, 0, 0, 0, 0, 0, 0, 0, 0, 0, 0, 0, 0, 0, 0, 0, 0, 0, 0, 0, 0, 0, 0, 0, 0, 0, 0, 0, 0, 0, 0, 0, 0, 0, 0, 0, 0, 0, 0, 0, 0, 0, 0, 0, 0, 0, 0, 0, 0, 0, 0, 0, 0, 0, 0, 0, 0, 0, 0, 0, 0, 0, 0, 0, 0, 0, 0, 0, 0, 0, 0, 0, 0, 0, 0, 0, 0, 0, 0, 0, 0, 0, 0, 0, 0, 0, 0, 0, 0, 0, 0, 0, 0, 0, 0, 0, 0, 0, 0, 0, 0, 0, 0, 0, 0, 0, 0, 0, 0, 0, 0, 0, 0, 0, 0, 0, 0, 0, 0, 0, 0]
RELP (disc): tot_buckets=2, mapping=[0, 0, 0, 0, 0, 1, 0, 0, 0, 0, 0, 0, 0, 0, 0, 0, 0]
SEX (disc): tot_buckets=2, mapping=[0, 1]
RAC1P (disc): tot_buckets=1, mapping=[0, 0, 0, 0, 0, 0, 0, 0, 0]
Used 26 buckets in total
================
LR:
0.01
LR:
0.01
LR:
0.01
LR:
0.01
LR:
0.01
==================
================
Bucketization:
AGEP (cont): tot_buckets=5, borders=[0.136, 0.175, 0.279, 0.812]
		Train set values would map to 5 buckets: [0, 0, 0, 0, 0, 0, 0, 0, 0, 0, 0, 1, 1, 1, 2, 2, 2, 2, 2, 2, 2, 2, 3, 3, 3, 3, 3, 3, 3, 3, 3, 3, 3, 3, 3, 3, 3, 3, 3, 3, 3, 3, 3, 3, 3, 3, 3, 3, 3, 3, 3, 3, 3, 3, 3, 3, 3, 3, 3, 3, 3, 3, 3, 4, 4, 4, 4, 4, 4, 4, 4, 4, 4, 4, 4]
SCHL (cont): tot_buckets=5, borders=[0.196, 0.283, 0.37, 0.848]
		Train set values would map to 5 buckets: [0, 0, 0, 0, 0, 1, 1, 2, 2, 3, 3, 3, 3, 3, 3, 3, 3, 3, 3, 3, 4, 4, 4, 4]
WKHP (cont): tot_buckets=4, borders=[0.25, 0.342, 0.403]
		Train set values would map to 4 buckets: [0, 0, 0, 0, 0, 0, 0, 0, 0, 0, 0, 0, 0, 0, 0, 0, 0, 0, 0, 0, 0, 0, 0, 0, 0, 1, 1, 1, 1, 1, 1, 1, 1, 1, 2, 2, 2, 2, 2, 2, 3, 3, 3, 3, 3, 3, 3, 3, 3, 3, 3, 3, 3, 3, 3, 3, 3, 3, 3, 3, 3, 3, 3, 3, 3, 3, 3, 3, 3, 3, 3, 3, 3, 3, 3, 3, 3, 3, 3, 3, 3, 3, 3, 3, 3, 3, 3, 3, 3, 3, 3, 3, 3, 3, 3]
COW (disc): tot_buckets=1, mapping=[0, 0, 0, 0, 0, 0, 0, 0]
MAR (disc): tot_buckets=1, mapping=[0, 0, 0, 0, 0]
OCCP (disc): tot_buckets=3, mapping=[0, 0, 0, 0, 0, 1, 0, 0, 0, 0, 0, 0, 0, 0, 1, 0, 1, 0, 1, 0, 1, 0, 0, 0, 1, 0, 0, 1, 0, 1, 1, 0, 0, 1, 0, 1, 1, 1, 0, 1, 0, 0, 0, 0, 0, 0, 0, 0, 0, 0, 0, 0, 1, 1, 0, 0, 0, 0, 0, 0, 0, 0, 0, 0, 0, 0, 0, 0, 0, 0, 0, 0, 0, 0, 0, 0, 0, 0, 0, 0, 0, 0, 0, 0, 0, 1, 0, 0, 1, 0, 0, 0, 0, 0, 0, 1, 2, 0, 0, 1, 1, 0, 1, 1, 1, 1, 1, 0, 1, 1, 1, 1, 1, 0, 1, 1, 0, 1, 1, 0, 0, 1, 1, 0, 1, 1, 1, 1, 1, 0, 0, 0, 1, 1, 1, 1, 1, 0, 0, 1, 0, 1, 1, 1, 1, 1, 0, 0, 1, 0, 0, 0, 0, 0, 0, 0, 0, 0, 1, 0, 0, 1, 0, 0, 0, 0, 1, 1, 0, 0, 1, 1, 1, 1, 1, 1, 1, 1, 0, 1, 1, 1, 1, 1, 1, 1, 1, 1, 0, 0, 0, 1, 0, 0, 0, 0, 0, 0, 1, 0, 1, 1, 1, 0, 1, 1, 1, 1, 1, 1, 0, 1, 1, 1, 1, 0, 1, 1, 1, 1, 1, 1, 1, 1, 1, 1, 1, 1, 1, 1, 1, 1, 1, 1, 1, 1, 1, 1, 1, 1, 1, 1, 1, 1, 1, 1, 1, 1, 0, 0, 0, 1, 1, 1, 1, 1, 0, 1, 1, 1, 1, 1, 1, 1, 1, 1, 1, 1, 1, 1, 0, 1, 1, 1, 1, 1, 1, 1, 1, 1, 1, 1, 1, 1, 1, 1, 1, 1, 1, 1, 1, 1, 0, 0, 1, 1, 1, 1, 1, 1, 1, 1, 1, 1, 1, 1, 1, 1, 1, 1, 1, 1, 0, 1, 0, 1, 1, 0, 0, 1, 1, 1, 0, 1, 1, 0, 1, 1, 0, 1, 1, 1, 1, 0, 1, 0, 0, 0, 1, 1, 1, 0, 0, 1, 0, 0, 1, 1, 1, 0, 1, 0, 1, 0, 1, 1, 1, 1, 0, 1, 1, 1, 0, 0, 0, 0, 1, 1, 1, 0, 1, 0, 0, 0, 0, 1, 1, 1, 1, 1, 1, 0, 0, 1, 0, 1, 1, 1, 1, 1, 1, 1, 1, 1, 0, 1, 1, 1, 1, 0, 0, 1, 1, 1, 1, 1, 1, 1, 1, 1, 0, 1, 1, 1, 1, 1, 1, 1, 1, 1, 1, 0, 0, 0, 0, 1, 1, 1, 1, 1, 1, 1, 1, 1, 1, 1, 1, 1, 1, 1, 1, 1, 1, 0, 0, 0, 1, 1, 1, 1, 1, 1, 0, 0, 1, 0, 0, 0, 1, 0, 1, 1, 0, 1, 1, 1, 1, 1, 0, 1, 1, 1, 1, 0, 1, 1, 1]
POBP (disc): tot_buckets=2, mapping=[0, 0, 0, 0, 0, 0, 0, 0, 0, 0, 0, 0, 0, 0, 0, 0, 0, 0, 0, 0, 0, 0, 0, 0, 0, 0, 0, 0, 0, 0, 0, 0, 0, 0, 0, 0, 0, 0, 0, 0, 0, 0, 0, 0, 0, 0, 0, 0, 0, 0, 0, 0, 0, 0, 0, 0, 0, 0, 0, 0, 0, 0, 0, 0, 0, 0, 0, 1, 0, 0, 0, 0, 0, 0, 0, 0, 0, 0, 0, 0, 0, 0, 0, 0, 0, 0, 0, 0, 0, 0, 0, 0, 1, 0, 0, 0, 0, 0, 0, 1, 1, 0, 0, 0, 0, 0, 0, 0, 0, 0, 0, 0, 0, 0, 0, 1, 0, 0, 0, 0, 0, 0, 1, 0, 0, 0, 0, 0, 0, 0, 0, 0, 0, 0, 0, 0, 0, 0, 1, 0, 0, 0, 0, 0, 0, 0, 1, 0, 0, 1, 0, 0, 0, 0, 0, 0, 0, 0, 1, 0, 0, 0, 0, 0, 0, 0, 0, 0, 0, 0, 0, 0, 0, 0, 0, 0, 0, 0, 0, 0, 0, 1, 0, 0, 0, 0, 0, 0, 1, 0, 0, 0, 0, 0, 0, 0, 0, 0, 0, 1, 0, 0, 1, 1, 0, 0, 0, 0, 0, 0, 1, 0]
RELP (disc): tot_buckets=2, mapping=[0, 1, 0, 0, 0, 0, 0, 0, 0, 0, 0, 0, 1, 1, 0, 0, 0]
SEX (disc): tot_buckets=1, mapping=[0, 0]
RAC1P (disc): tot_buckets=1, mapping=[0, 0, 0, 0, 0, 0, 0, 0, 0]
Used 25 buckets in total
================
LR:
0.001
LR:
0.001
LR:
0.001
LR:
0.001
LR:
0.001
==================
================
Bucketization:
AGEP (cont): tot_buckets=5, borders=[0.123, 0.175, 0.331, 0.734]
		Train set values would map to 5 buckets: [0, 0, 0, 0, 0, 0, 0, 0, 0, 0, 1, 1, 1, 1, 2, 2, 2, 2, 2, 2, 2, 2, 2, 2, 2, 2, 3, 3, 3, 3, 3, 3, 3, 3, 3, 3, 3, 3, 3, 3, 3, 3, 3, 3, 3, 3, 3, 3, 3, 3, 3, 3, 3, 3, 3, 3, 3, 4, 4, 4, 4, 4, 4, 4, 4, 4, 4, 4, 4, 4, 4, 4, 4, 4, 4]
SCHL (cont): tot_buckets=4, borders=[0.587, 0.804, 0.891]
		Train set values would map to 4 buckets: [0, 0, 0, 0, 0, 0, 0, 0, 0, 0, 0, 0, 0, 0, 1, 1, 1, 1, 1, 2, 2, 3, 3, 3]
WKHP (cont): tot_buckets=4, borders=[0.24, 0.342, 0.403]
		Train set values would map to 4 buckets: [0, 0, 0, 0, 0, 0, 0, 0, 0, 0, 0, 0, 0, 0, 0, 0, 0, 0, 0, 0, 0, 0, 0, 0, 1, 1, 1, 1, 1, 1, 1, 1, 1, 1, 2, 2, 2, 2, 2, 2, 3, 3, 3, 3, 3, 3, 3, 3, 3, 3, 3, 3, 3, 3, 3, 3, 3, 3, 3, 3, 3, 3, 3, 3, 3, 3, 3, 3, 3, 3, 3, 3, 3, 3, 3, 3, 3, 3, 3, 3, 3, 3, 3, 3, 3, 3, 3, 3, 3, 3, 3, 3, 3, 3, 3]
COW (disc): tot_buckets=1, mapping=[0, 0, 0, 0, 0, 0, 0, 0]
MAR (disc): tot_buckets=1, mapping=[0, 0, 0, 0, 0]
OCCP (disc): tot_buckets=3, mapping=[0, 0, 1, 0, 1, 0, 1, 0, 0, 1, 1, 0, 1, 1, 1, 0, 0, 0, 2, 1, 2, 0, 2, 1, 0, 1, 0, 1, 1, 1, 0, 1, 0, 0, 0, 2, 0, 1, 0, 1, 0, 0, 0, 0, 0, 0, 0, 0, 0, 1, 1, 0, 1, 1, 2, 1, 1, 1, 0, 1, 0, 1, 0, 0, 1, 0, 1, 0, 1, 0, 1, 0, 1, 1, 0, 1, 1, 1, 0, 2, 1, 1, 2, 1, 1, 0, 1, 1, 2, 2, 1, 1, 1, 1, 0, 0, 2, 1, 1, 2, 2, 0, 0, 1, 2, 2, 0, 1, 2, 2, 0, 2, 2, 0, 2, 1, 1, 0, 2, 0, 0, 1, 2, 1, 0, 2, 2, 1, 1, 0, 1, 0, 2, 2, 1, 0, 1, 0, 0, 0, 1, 1, 2, 2, 2, 0, 1, 0, 1, 1, 0, 1, 1, 1, 1, 0, 1, 1, 2, 2, 1, 1, 1, 1, 1, 0, 2, 1, 1, 1, 2, 1, 2, 2, 2, 1, 1, 2, 1, 2, 2, 2, 2, 2, 2, 2, 2, 2, 0, 2, 1, 1, 0, 1, 1, 1, 1, 1, 2, 0, 2, 2, 1, 2, 2, 2, 2, 2, 2, 2, 2, 2, 2, 2, 2, 2, 1, 2, 2, 2, 1, 2, 2, 2, 2, 2, 2, 2, 2, 2, 2, 2, 2, 2, 2, 2, 2, 2, 2, 2, 2, 2, 1, 0, 2, 2, 2, 2, 0, 0, 1, 2, 0, 0, 2, 0, 1, 2, 2, 0, 1, 2, 2, 2, 2, 2, 2, 2, 2, 1, 2, 1, 2, 2, 2, 2, 2, 2, 2, 2, 2, 1, 0, 2, 2, 2, 2, 1, 2, 2, 1, 2, 1, 0, 1, 1, 2, 2, 0, 2, 1, 2, 2, 2, 2, 2, 2, 2, 1, 1, 2, 1, 2, 2, 1, 2, 2, 0, 1, 2, 2, 2, 1, 2, 2, 1, 2, 0, 1, 2, 2, 1, 2, 2, 2, 1, 2, 0, 1, 2, 1, 1, 1, 2, 2, 1, 2, 2, 1, 1, 1, 1, 2, 1, 0, 2, 2, 1, 0, 1, 2, 2, 1, 1, 2, 2, 2, 1, 1, 0, 1, 1, 1, 1, 1, 2, 2, 2, 2, 2, 2, 0, 1, 2, 1, 2, 2, 2, 2, 2, 2, 2, 2, 2, 1, 2, 2, 2, 0, 1, 1, 2, 2, 2, 2, 2, 2, 2, 2, 2, 1, 2, 2, 2, 2, 2, 2, 2, 2, 2, 1, 1, 1, 1, 1, 0, 2, 2, 2, 2, 1, 2, 2, 2, 2, 2, 2, 1, 2, 2, 2, 2, 2, 0, 1, 1, 2, 2, 2, 2, 2, 2, 1, 0, 1, 1, 1, 2, 2, 1, 2, 1, 2, 2, 2, 2, 2, 2, 2, 2, 1, 2, 2, 0, 1, 2, 2]
POBP (disc): tot_buckets=2, mapping=[0, 0, 0, 0, 0, 0, 0, 0, 0, 0, 0, 0, 0, 0, 0, 0, 0, 0, 0, 0, 0, 0, 0, 0, 0, 0, 0, 0, 0, 0, 0, 0, 0, 0, 0, 0, 0, 0, 0, 0, 0, 0, 0, 0, 0, 0, 0, 0, 0, 0, 0, 0, 0, 0, 0, 0, 0, 0, 0, 0, 0, 0, 0, 0, 0, 0, 0, 1, 0, 0, 0, 0, 0, 0, 0, 0, 0, 0, 0, 0, 0, 0, 0, 0, 0, 0, 0, 0, 0, 0, 0, 0, 1, 0, 0, 0, 0, 0, 0, 1, 0, 0, 0, 0, 0, 0, 0, 0, 0, 0, 0, 0, 0, 0, 0, 0, 0, 0, 0, 0, 0, 0, 1, 0, 0, 0, 0, 0, 0, 0, 0, 0, 0, 0, 0, 0, 0, 0, 1, 0, 0, 0, 0, 0, 0, 0, 0, 0, 0, 1, 0, 0, 0, 0, 0, 0, 0, 0, 1, 0, 0, 0, 0, 0, 0, 0, 0, 0, 0, 0, 0, 0, 0, 0, 0, 0, 0, 0, 0, 0, 0, 1, 0, 0, 0, 0, 0, 0, 1, 0, 0, 0, 0, 0, 0, 0, 0, 0, 0, 0, 0, 0, 0, 1, 0, 0, 0, 0, 0, 0, 1, 0]
RELP (disc): tot_buckets=2, mapping=[0, 1, 0, 0, 0, 0, 0, 0, 0, 0, 0, 0, 1, 1, 0, 0, 0]
SEX (disc): tot_buckets=1, mapping=[0, 0]
RAC1P (disc): tot_buckets=1, mapping=[0, 0, 0, 0, 0, 0, 0, 0, 0]
Used 24 buckets in total
================
LR:
0.0001
LR:
0.0001
LR:
0.0001
LR:
0.0001
LR:
0.0001
==================
================
Bucketization:
AGEP (cont): tot_buckets=5, borders=[0.123, 0.175, 0.331, 0.734]
		Train set values would map to 5 buckets: [0, 0, 0, 0, 0, 0, 0, 0, 0, 0, 1, 1, 1, 1, 2, 2, 2, 2, 2, 2, 2, 2, 2, 2, 2, 2, 3, 3, 3, 3, 3, 3, 3, 3, 3, 3, 3, 3, 3, 3, 3, 3, 3, 3, 3, 3, 3, 3, 3, 3, 3, 3, 3, 3, 3, 3, 3, 4, 4, 4, 4, 4, 4, 4, 4, 4, 4, 4, 4, 4, 4, 4, 4, 4, 4]
SCHL (cont): tot_buckets=5, borders=[0.5, 0.717, 0.848, 0.935]
		Train set values would map to 5 buckets: [0, 0, 0, 0, 0, 0, 0, 0, 0, 0, 0, 0, 1, 1, 1, 1, 1, 2, 2, 2, 3, 3, 4, 4]
WKHP (cont): tot_buckets=4, borders=[0.25, 0.342, 0.403]
		Train set values would map to 4 buckets: [0, 0, 0, 0, 0, 0, 0, 0, 0, 0, 0, 0, 0, 0, 0, 0, 0, 0, 0, 0, 0, 0, 0, 0, 0, 1, 1, 1, 1, 1, 1, 1, 1, 1, 2, 2, 2, 2, 2, 2, 3, 3, 3, 3, 3, 3, 3, 3, 3, 3, 3, 3, 3, 3, 3, 3, 3, 3, 3, 3, 3, 3, 3, 3, 3, 3, 3, 3, 3, 3, 3, 3, 3, 3, 3, 3, 3, 3, 3, 3, 3, 3, 3, 3, 3, 3, 3, 3, 3, 3, 3, 3, 3, 3, 3]
COW (disc): tot_buckets=1, mapping=[0, 0, 0, 0, 0, 0, 0, 0]
MAR (disc): tot_buckets=1, mapping=[0, 0, 0, 0, 0]
OCCP (disc): tot_buckets=3, mapping=[0, 0, 1, 0, 0, 0, 0, 0, 0, 0, 1, 0, 0, 1, 2, 0, 0, 0, 2, 1, 2, 0, 0, 2, 2, 1, 0, 2, 0, 2, 1, 2, 0, 0, 0, 2, 0, 2, 0, 2, 0, 0, 0, 0, 0, 0, 0, 0, 0, 1, 0, 0, 2, 2, 0, 1, 0, 0, 0, 1, 0, 1, 0, 0, 0, 0, 0, 0, 1, 0, 1, 0, 0, 0, 0, 1, 0, 1, 0, 0, 1, 1, 0, 1, 2, 0, 1, 1, 2, 0, 1, 1, 1, 1, 0, 0, 2, 2, 1, 2, 2, 0, 1, 2, 2, 2, 0, 1, 2, 2, 2, 2, 2, 0, 2, 2, 2, 0, 2, 0, 0, 2, 2, 2, 2, 2, 2, 2, 2, 0, 2, 0, 2, 2, 2, 0, 2, 0, 0, 2, 0, 2, 2, 2, 2, 0, 1, 0, 2, 1, 0, 1, 1, 0, 0, 0, 0, 0, 2, 0, 1, 1, 1, 1, 0, 0, 2, 2, 0, 0, 2, 2, 2, 2, 2, 2, 2, 2, 2, 2, 2, 2, 2, 2, 2, 2, 2, 2, 0, 0, 1, 2, 0, 0, 0, 0, 1, 0, 2, 0, 2, 2, 2, 2, 2, 2, 2, 2, 2, 2, 2, 2, 2, 2, 2, 2, 2, 2, 2, 2, 2, 2, 2, 2, 2, 2, 2, 2, 2, 2, 2, 2, 2, 2, 2, 2, 2, 2, 2, 2, 2, 2, 2, 0, 2, 2, 2, 2, 0, 1, 1, 2, 0, 0, 2, 0, 0, 2, 2, 0, 2, 2, 2, 2, 2, 2, 2, 2, 2, 1, 2, 1, 2, 2, 2, 2, 2, 2, 2, 2, 2, 2, 1, 2, 2, 2, 2, 2, 2, 2, 2, 2, 1, 0, 2, 1, 2, 2, 1, 2, 2, 2, 2, 2, 2, 2, 2, 2, 2, 2, 2, 2, 2, 2, 1, 2, 2, 0, 0, 2, 2, 2, 1, 2, 2, 1, 2, 0, 1, 2, 2, 1, 2, 2, 2, 1, 2, 0, 2, 2, 2, 2, 0, 2, 0, 0, 2, 2, 1, 1, 1, 1, 2, 2, 2, 2, 2, 2, 0, 2, 2, 2, 2, 1, 2, 2, 2, 2, 2, 0, 2, 2, 2, 1, 1, 2, 2, 2, 2, 2, 2, 0, 2, 2, 0, 2, 2, 2, 2, 2, 2, 2, 2, 2, 1, 2, 2, 2, 1, 1, 0, 2, 2, 2, 2, 2, 2, 2, 2, 2, 2, 2, 2, 2, 2, 2, 2, 2, 2, 2, 2, 1, 1, 1, 0, 0, 2, 2, 2, 2, 2, 2, 2, 2, 2, 2, 2, 2, 2, 2, 2, 2, 2, 1, 1, 0, 2, 2, 2, 2, 2, 2, 0, 0, 2, 2, 0, 2, 2, 0, 2, 1, 0, 2, 2, 2, 2, 2, 2, 2, 1, 2, 2, 0, 2, 2, 2]
POBP (disc): tot_buckets=2, mapping=[0, 0, 0, 0, 0, 0, 0, 0, 0, 0, 0, 0, 0, 0, 0, 0, 0, 0, 0, 0, 0, 0, 0, 0, 0, 0, 0, 0, 0, 0, 0, 0, 0, 0, 0, 0, 0, 0, 0, 0, 0, 0, 0, 0, 0, 0, 0, 0, 0, 0, 0, 0, 0, 0, 0, 0, 0, 0, 0, 0, 0, 0, 0, 0, 0, 0, 0, 1, 0, 0, 0, 0, 0, 0, 0, 0, 0, 0, 0, 0, 0, 0, 0, 0, 0, 0, 0, 0, 0, 0, 0, 0, 1, 0, 0, 0, 0, 0, 0, 1, 0, 0, 0, 0, 0, 0, 0, 0, 0, 0, 0, 0, 0, 0, 0, 1, 0, 0, 0, 0, 0, 0, 1, 0, 0, 0, 0, 0, 0, 0, 0, 0, 0, 0, 0, 0, 0, 0, 1, 0, 0, 0, 0, 0, 0, 0, 0, 0, 0, 1, 0, 0, 0, 0, 0, 0, 0, 0, 1, 0, 0, 0, 0, 0, 0, 0, 0, 0, 0, 0, 0, 0, 0, 0, 0, 0, 0, 0, 0, 0, 0, 1, 0, 0, 0, 0, 0, 0, 1, 0, 0, 0, 0, 0, 0, 0, 0, 0, 0, 0, 0, 0, 0, 1, 0, 0, 0, 0, 0, 0, 1, 0]
RELP (disc): tot_buckets=2, mapping=[0, 1, 0, 0, 0, 0, 0, 0, 0, 0, 0, 0, 1, 1, 0, 0, 0]
SEX (disc): tot_buckets=1, mapping=[0, 0]
RAC1P (disc): tot_buckets=1, mapping=[0, 0, 0, 0, 0, 0, 0, 0, 0]
Used 25 buckets in total
================
LR:
1e-05
LR:
1e-05
LR:
1e-05
LR:
1e-05
LR:
1e-05
==================
================
Bucketization:
AGEP (cont): tot_buckets=5, borders=[0.136, 0.175, 0.344, 0.721]
		Train set values would map to 5 buckets: [0, 0, 0, 0, 0, 0, 0, 0, 0, 0, 0, 1, 1, 1, 2, 2, 2, 2, 2, 2, 2, 2, 2, 2, 2, 2, 2, 3, 3, 3, 3, 3, 3, 3, 3, 3, 3, 3, 3, 3, 3, 3, 3, 3, 3, 3, 3, 3, 3, 3, 3, 3, 3, 3, 3, 3, 4, 4, 4, 4, 4, 4, 4, 4, 4, 4, 4, 4, 4, 4, 4, 4, 4, 4, 4]
SCHL (cont): tot_buckets=5, borders=[0.5, 0.717, 0.848, 0.935]
		Train set values would map to 5 buckets: [0, 0, 0, 0, 0, 0, 0, 0, 0, 0, 0, 0, 1, 1, 1, 1, 1, 2, 2, 2, 3, 3, 4, 4]
WKHP (cont): tot_buckets=4, borders=[0.24, 0.342, 0.403]
		Train set values would map to 4 buckets: [0, 0, 0, 0, 0, 0, 0, 0, 0, 0, 0, 0, 0, 0, 0, 0, 0, 0, 0, 0, 0, 0, 0, 0, 1, 1, 1, 1, 1, 1, 1, 1, 1, 1, 2, 2, 2, 2, 2, 2, 3, 3, 3, 3, 3, 3, 3, 3, 3, 3, 3, 3, 3, 3, 3, 3, 3, 3, 3, 3, 3, 3, 3, 3, 3, 3, 3, 3, 3, 3, 3, 3, 3, 3, 3, 3, 3, 3, 3, 3, 3, 3, 3, 3, 3, 3, 3, 3, 3, 3, 3, 3, 3, 3, 3]
COW (disc): tot_buckets=1, mapping=[0, 0, 0, 0, 0, 0, 0, 0]
MAR (disc): tot_buckets=1, mapping=[0, 0, 0, 0, 0]
OCCP (disc): tot_buckets=4, mapping=[0, 0, 1, 0, 0, 0, 0, 0, 0, 0, 1, 0, 0, 1, 2, 0, 0, 0, 2, 1, 2, 0, 0, 2, 2, 1, 0, 2, 0, 2, 1, 2, 0, 0, 0, 2, 0, 2, 0, 2, 0, 0, 0, 0, 0, 0, 0, 0, 0, 1, 0, 0, 2, 2, 0, 0, 0, 0, 0, 1, 0, 1, 0, 0, 0, 0, 0, 0, 1, 0, 1, 0, 0, 0, 0, 1, 0, 1, 0, 0, 1, 1, 0, 1, 2, 0, 1, 1, 2, 0, 1, 1, 1, 1, 0, 1, 3, 2, 1, 2, 2, 0, 1, 2, 2, 2, 2, 1, 2, 2, 2, 2, 2, 0, 2, 2, 2, 0, 2, 0, 0, 2, 2, 2, 2, 2, 2, 2, 2, 0, 2, 0, 2, 2, 2, 0, 2, 0, 0, 2, 0, 2, 2, 2, 2, 1, 1, 0, 2, 1, 0, 1, 1, 0, 0, 1, 0, 0, 2, 0, 1, 1, 0, 1, 0, 0, 2, 2, 0, 0, 2, 2, 2, 2, 2, 2, 2, 2, 2, 2, 2, 2, 2, 2, 2, 2, 2, 2, 0, 0, 1, 2, 0, 0, 0, 0, 1, 0, 2, 0, 2, 2, 2, 2, 2, 2, 2, 2, 2, 2, 2, 2, 2, 2, 2, 2, 2, 2, 2, 2, 2, 2, 2, 2, 2, 2, 2, 2, 2, 2, 2, 2, 2, 2, 2, 2, 2, 2, 2, 2, 2, 2, 2, 0, 2, 2, 2, 2, 0, 1, 1, 2, 0, 0, 2, 0, 0, 2, 2, 0, 2, 2, 2, 2, 2, 2, 2, 2, 2, 1, 2, 1, 2, 2, 2, 2, 2, 2, 2, 2, 2, 2, 1, 2, 2, 2, 2, 2, 2, 2, 2, 2, 1, 0, 2, 1, 2, 2, 1, 2, 2, 2, 2, 2, 2, 2, 2, 2, 2, 2, 2, 2, 2, 2, 1, 2, 2, 0, 0, 2, 2, 2, 2, 2, 2, 1, 2, 1, 1, 2, 2, 1, 2, 2, 2, 1, 2, 0, 2, 2, 2, 2, 0, 2, 0, 0, 2, 2, 1, 1, 1, 1, 2, 2, 2, 2, 2, 2, 0, 2, 2, 2, 2, 1, 2, 2, 2, 2, 2, 1, 2, 2, 2, 1, 1, 2, 2, 2, 2, 2, 2, 1, 2, 2, 0, 2, 2, 2, 2, 2, 2, 2, 2, 2, 1, 2, 2, 2, 1, 1, 0, 2, 2, 2, 2, 2, 2, 2, 2, 2, 2, 2, 2, 2, 2, 2, 2, 2, 2, 2, 2, 1, 1, 1, 0, 0, 2, 2, 2, 2, 2, 2, 2, 2, 2, 2, 2, 2, 2, 2, 2, 2, 2, 1, 1, 0, 2, 2, 2, 2, 2, 2, 0, 0, 2, 2, 0, 2, 2, 0, 2, 1, 0, 2, 2, 2, 2, 2, 2, 2, 1, 2, 2, 0, 2, 2, 2]
POBP (disc): tot_buckets=2, mapping=[0, 0, 0, 0, 0, 0, 0, 0, 0, 0, 0, 0, 0, 0, 0, 0, 0, 0, 0, 0, 0, 0, 0, 0, 0, 0, 0, 0, 0, 0, 0, 0, 0, 0, 0, 0, 0, 0, 0, 0, 0, 0, 0, 0, 0, 0, 0, 0, 0, 0, 0, 0, 0, 0, 0, 0, 0, 0, 0, 0, 0, 0, 0, 0, 0, 0, 0, 1, 0, 0, 0, 0, 0, 0, 0, 0, 0, 0, 0, 0, 0, 0, 0, 0, 0, 0, 0, 0, 0, 0, 0, 0, 1, 0, 0, 0, 0, 0, 0, 1, 0, 0, 0, 0, 0, 0, 0, 0, 0, 0, 0, 0, 0, 0, 0, 1, 0, 0, 0, 0, 0, 0, 1, 0, 0, 0, 0, 0, 0, 0, 0, 0, 0, 0, 0, 0, 0, 0, 1, 0, 0, 0, 0, 0, 0, 0, 0, 0, 0, 1, 0, 0, 0, 0, 0, 0, 0, 0, 1, 0, 0, 0, 0, 0, 0, 0, 0, 0, 0, 0, 0, 0, 0, 0, 0, 0, 0, 0, 0, 0, 0, 1, 0, 0, 0, 0, 0, 0, 1, 0, 0, 0, 0, 0, 0, 0, 0, 0, 0, 0, 0, 0, 0, 1, 0, 0, 0, 0, 0, 0, 1, 0]
RELP (disc): tot_buckets=2, mapping=[0, 0, 1, 1, 1, 1, 1, 1, 1, 1, 1, 1, 0, 0, 1, 1, 1]
SEX (disc): tot_buckets=1, mapping=[0, 0]
RAC1P (disc): tot_buckets=1, mapping=[0, 0, 0, 0, 0, 0, 0, 0, 0]
Used 26 buckets in total
================
adv_train done
Final bucketizations:
================
Bucketization:
AGEP (cont): tot_buckets=5, borders=[0.136, 0.175, 0.344, 0.721]
		Train set values would map to 5 buckets: [0, 0, 0, 0, 0, 0, 0, 0, 0, 0, 0, 1, 1, 1, 2, 2, 2, 2, 2, 2, 2, 2, 2, 2, 2, 2, 2, 3, 3, 3, 3, 3, 3, 3, 3, 3, 3, 3, 3, 3, 3, 3, 3, 3, 3, 3, 3, 3, 3, 3, 3, 3, 3, 3, 3, 3, 4, 4, 4, 4, 4, 4, 4, 4, 4, 4, 4, 4, 4, 4, 4, 4, 4, 4, 4]
SCHL (cont): tot_buckets=5, borders=[0.5, 0.717, 0.848, 0.935]
		Train set values would map to 5 buckets: [0, 0, 0, 0, 0, 0, 0, 0, 0, 0, 0, 0, 1, 1, 1, 1, 1, 2, 2, 2, 3, 3, 4, 4]
WKHP (cont): tot_buckets=4, borders=[0.24, 0.342, 0.403]
		Train set values would map to 4 buckets: [0, 0, 0, 0, 0, 0, 0, 0, 0, 0, 0, 0, 0, 0, 0, 0, 0, 0, 0, 0, 0, 0, 0, 0, 1, 1, 1, 1, 1, 1, 1, 1, 1, 1, 2, 2, 2, 2, 2, 2, 3, 3, 3, 3, 3, 3, 3, 3, 3, 3, 3, 3, 3, 3, 3, 3, 3, 3, 3, 3, 3, 3, 3, 3, 3, 3, 3, 3, 3, 3, 3, 3, 3, 3, 3, 3, 3, 3, 3, 3, 3, 3, 3, 3, 3, 3, 3, 3, 3, 3, 3, 3, 3, 3, 3]
COW (disc): tot_buckets=1, mapping=[0, 0, 0, 0, 0, 0, 0, 0]
MAR (disc): tot_buckets=1, mapping=[0, 0, 0, 0, 0]
OCCP (disc): tot_buckets=4, mapping=[0, 0, 1, 0, 0, 0, 0, 0, 0, 0, 1, 0, 0, 1, 2, 0, 0, 0, 2, 1, 2, 0, 0, 2, 2, 1, 0, 2, 0, 2, 1, 2, 0, 0, 0, 2, 0, 2, 0, 2, 0, 0, 0, 0, 0, 0, 0, 0, 0, 1, 0, 0, 2, 2, 0, 0, 0, 0, 0, 1, 0, 1, 0, 0, 0, 0, 0, 0, 1, 0, 1, 0, 0, 0, 0, 1, 0, 1, 0, 0, 1, 1, 0, 1, 2, 0, 1, 1, 2, 0, 1, 1, 1, 1, 0, 1, 3, 2, 1, 2, 2, 0, 1, 2, 2, 2, 2, 1, 2, 2, 2, 2, 2, 0, 2, 2, 2, 0, 2, 0, 0, 2, 2, 2, 2, 2, 2, 2, 2, 0, 2, 0, 2, 2, 2, 0, 2, 0, 0, 2, 0, 2, 2, 2, 2, 1, 1, 0, 2, 1, 0, 1, 1, 0, 0, 1, 0, 0, 2, 0, 1, 1, 0, 1, 0, 0, 2, 2, 0, 0, 2, 2, 2, 2, 2, 2, 2, 2, 2, 2, 2, 2, 2, 2, 2, 2, 2, 2, 0, 0, 1, 2, 0, 0, 0, 0, 1, 0, 2, 0, 2, 2, 2, 2, 2, 2, 2, 2, 2, 2, 2, 2, 2, 2, 2, 2, 2, 2, 2, 2, 2, 2, 2, 2, 2, 2, 2, 2, 2, 2, 2, 2, 2, 2, 2, 2, 2, 2, 2, 2, 2, 2, 2, 0, 2, 2, 2, 2, 0, 1, 1, 2, 0, 0, 2, 0, 0, 2, 2, 0, 2, 2, 2, 2, 2, 2, 2, 2, 2, 1, 2, 1, 2, 2, 2, 2, 2, 2, 2, 2, 2, 2, 1, 2, 2, 2, 2, 2, 2, 2, 2, 2, 1, 0, 2, 1, 2, 2, 1, 2, 2, 2, 2, 2, 2, 2, 2, 2, 2, 2, 2, 2, 2, 2, 1, 2, 2, 0, 0, 2, 2, 2, 2, 2, 2, 1, 2, 1, 1, 2, 2, 1, 2, 2, 2, 1, 2, 0, 2, 2, 2, 2, 0, 2, 0, 0, 2, 2, 1, 1, 1, 1, 2, 2, 2, 2, 2, 2, 0, 2, 2, 2, 2, 1, 2, 2, 2, 2, 2, 1, 2, 2, 2, 1, 1, 2, 2, 2, 2, 2, 2, 1, 2, 2, 0, 2, 2, 2, 2, 2, 2, 2, 2, 2, 1, 2, 2, 2, 1, 1, 0, 2, 2, 2, 2, 2, 2, 2, 2, 2, 2, 2, 2, 2, 2, 2, 2, 2, 2, 2, 2, 1, 1, 1, 0, 0, 2, 2, 2, 2, 2, 2, 2, 2, 2, 2, 2, 2, 2, 2, 2, 2, 2, 1, 1, 0, 2, 2, 2, 2, 2, 2, 0, 0, 2, 2, 0, 2, 2, 0, 2, 1, 0, 2, 2, 2, 2, 2, 2, 2, 1, 2, 2, 0, 2, 2, 2]
POBP (disc): tot_buckets=2, mapping=[0, 0, 0, 0, 0, 0, 0, 0, 0, 0, 0, 0, 0, 0, 0, 0, 0, 0, 0, 0, 0, 0, 0, 0, 0, 0, 0, 0, 0, 0, 0, 0, 0, 0, 0, 0, 0, 0, 0, 0, 0, 0, 0, 0, 0, 0, 0, 0, 0, 0, 0, 0, 0, 0, 0, 0, 0, 0, 0, 0, 0, 0, 0, 0, 0, 0, 0, 1, 0, 0, 0, 0, 0, 0, 0, 0, 0, 0, 0, 0, 0, 0, 0, 0, 0, 0, 0, 0, 0, 0, 0, 0, 1, 0, 0, 0, 0, 0, 0, 1, 0, 0, 0, 0, 0, 0, 0, 0, 0, 0, 0, 0, 0, 0, 0, 1, 0, 0, 0, 0, 0, 0, 1, 0, 0, 0, 0, 0, 0, 0, 0, 0, 0, 0, 0, 0, 0, 0, 1, 0, 0, 0, 0, 0, 0, 0, 0, 0, 0, 1, 0, 0, 0, 0, 0, 0, 0, 0, 1, 0, 0, 0, 0, 0, 0, 0, 0, 0, 0, 0, 0, 0, 0, 0, 0, 0, 0, 0, 0, 0, 0, 1, 0, 0, 0, 0, 0, 0, 1, 0, 0, 0, 0, 0, 0, 0, 0, 0, 0, 0, 0, 0, 0, 1, 0, 0, 0, 0, 0, 0, 1, 0]
RELP (disc): tot_buckets=2, mapping=[0, 0, 1, 1, 1, 1, 1, 1, 1, 1, 1, 1, 0, 0, 1, 1, 1]
SEX (disc): tot_buckets=1, mapping=[0, 0]
RAC1P (disc): tot_buckets=1, mapping=[0, 0, 0, 0, 0, 0, 0, 0, 0]
Used 26 buckets in total
================
k_anon=1 , l_div=-0.0, size=578
Final results:
----> Evaluating: Training new classifiers and a new adversary on 1-hot buckets (26 fts) - torch.Size([57714, 733]) points
----> Evaluating: Training classifier 1
[Trying CLF with wd=1e-06] 0.818 -> 0.814
[Trying CLF with wd=1e-05] 0.818 -> 0.813
[Trying CLF with wd=0.0001] 0.818 -> 0.813
[Trying CLF with wd=0.001] 0.817 -> 0.813
[Trying CLF with wd=0.002] 0.816 -> 0.811
[Trying CLF with wd=0.004] 0.815 -> 0.809
[Trying CLF with wd=0.006] 0.816 -> 0.810
[Trying CLF with wd=0.008] 0.816 -> 0.812
[Trying CLF with wd=0.01] 0.816 -> 0.810
[Trying CLF with wd=0.02] 0.815 -> 0.810
[Trying CLF with wd=0.05] 0.807 -> 0.804
Chose 1e-06
[clf] train_acc=0.818, val_acc=0.814, test_acc=0.811
Adversary uses torch.Size([57714, 733]) points!
[Trying ADV with wd=1e-06] 0.529 -> 0.531
[Trying ADV with wd=1e-05] 0.527 -> 0.530
[Trying ADV with wd=0.0001] 0.524 -> 0.526
[Trying ADV with wd=0.001] 0.520 -> 0.522
[Trying ADV with wd=0.002] 0.518 -> 0.521
[Trying ADV with wd=0.004] 0.521 -> 0.523
[Trying ADV with wd=0.006] 0.517 -> 0.520
[Trying ADV with wd=0.008] 0.514 -> 0.517
[Trying ADV with wd=0.01] 0.512 -> 0.514
[Trying ADV with wd=0.02] 0.508 -> 0.511
[Trying ADV with wd=0.05] 0.496 -> 0.499
Chose 1e-06
[adv test] adv accuracy per feature:
	feat=COW: tr= 0.653, va= 0.657, te= 0.652
	feat=MAR: tr= 0.700, va= 0.695, te= 0.697
	feat=OCCP: tr= 0.057, va= 0.056, te= 0.057
	feat=POBP: tr= 0.463, va= 0.462, te= 0.458
	feat=RELP: tr= 0.602, va= 0.607, te= 0.599
	feat=SEX: tr= 0.598, va= 0.600, te= 0.595
	feat=RAC1P: tr= 0.633, va= 0.643, te= 0.636
[adv] train_acc=0.529, val_acc=0.531, test_acc=0.528
[ADV Quantile] 0.99: 0.655
[ADV Quantile] 0.98: 0.644
[ADV Quantile] 0.95: 0.632
[ADV Quantile] 0.90: 0.635
[ADV Quantile] 0.80: 0.605
[ADV Quantile] 0.50: 0.570
[ADV Quantile] 0.00: 0.528
[ADV EXACT] train_acc=170.0/57714, val_acc=35.0/9619, test_acc=89.0/28857
Adversary uses torch.Size([57714, 733]) points!
[Trying ADV with wd=1e-06] 0.508 -> 0.510
[Trying ADV with wd=1e-05] 0.507 -> 0.508
[Trying ADV with wd=0.0001] 0.509 -> 0.511
[Trying ADV with wd=0.001] 0.503 -> 0.505
[Trying ADV with wd=0.002] 0.502 -> 0.505
[Trying ADV with wd=0.004] 0.491 -> 0.494
[Trying ADV with wd=0.006] 0.492 -> 0.494
[Trying ADV with wd=0.008] 0.489 -> 0.491
[Trying ADV with wd=0.01] 0.491 -> 0.494
[Trying ADV with wd=0.02] 0.472 -> 0.475
[Trying ADV with wd=0.05] 0.471 -> 0.473
Chose 0.0001
[adv test] adv accuracy per feature:
	feat=COW: tr= 0.653, va= 0.657, te= 0.652
	feat=MAR: tr= 0.675, va= 0.675, te= 0.672
	feat=OCCP: tr= 0.070, va= 0.070, te= 0.069
	feat=POBP: tr= 0.463, va= 0.461, te= 0.457
	feat=RELP: tr= 0.479, va= 0.482, te= 0.476
	feat=SEX: tr= 0.590, va= 0.589, te= 0.587
	feat=RAC1P: tr= 0.633, va= 0.643, te= 0.636
[adv] train_acc=0.509, val_acc=0.511, test_acc=0.507
[ADV Quantile] 0.99: 0.623
[ADV Quantile] 0.98: 0.614
[ADV Quantile] 0.95: 0.629
[ADV Quantile] 0.90: 0.618
[ADV Quantile] 0.80: 0.613
[ADV Quantile] 0.50: 0.572
[ADV Quantile] 0.00: 0.507
[ADV EXACT] train_acc=144.0/57714, val_acc=28.0/9619, test_acc=65.0/28857
==================
{'clf': [(0.8178431576869012, 0.8140139310408784, 0.8105139135260978)], 'adv_recovery-ops': [(0.5292539458213239, 0.5314501974647655, 0.5276307358198085)], 'adv_recovery': [(0.5088283744947949, 0.5110990762626543, 0.5069174270902662)]}
