-------------------------------------CONFIG-------------------------------------
neptune_config:
 neptune_run_label: None
 use_neptune: False
dataset_config:
 dataset: ACSIncome
 acs_state: CA
 acs_year: 2014
 shift_state: None
 shift_year: None
 freeze_feature: []
 add_syn: False
 bucketization_percent: 1.0
 train_percent: 1.0
 adv_percent: 1.0
 sens_feats: disc
 val_split: 0.1
 test_split: 0.3
 batch_size: 256
eval_config:
Classifiers:
 Classifier 0:
  Model: mlp2 Epochs: 20 LR: 0.01 WD: 0.0
Adversary 0:
  Model: mlp2 Epochs: 20 LR: 0.01 WD: 0.0
Adversary 1:
  Model: mlp2 Epochs: 20 LR: 0.01 WD: 0.0
min_config:
advtrain_max_buckets=5,advtrain_n_epochs=20,advtrain_inner_steps=1,advtrain_weight=0
seed: 123
device: cpu
out_dir: final_results/acs
compute_guarantees: False
get_clf_upper_bound: False
fairness_sens_col: None
num_workers: 12
logger_level: INFO
-----------------------------------CONFIG END-----------------------------------

majority class acc (clf ACC LB): train_acc=0.643 test_acc=0.651
feat=COW, majority_freqs: train=0.653 test=0.652
feat=MAR, majority_freqs: train=0.534 test=0.536
feat=OCCP, majority_freqs: train=0.032 test=0.030
feat=POBP, majority_freqs: train=0.462 test=0.458
feat=RELP, majority_freqs: train=0.479 test=0.476
feat=SEX, majority_freqs: train=0.534 test=0.535
feat=RAC1P, majority_freqs: train=0.633 test=0.636
[adv] naive majority freq guess (adv ACC LB): train_acc=0.475, test_acc=0.474

Running data minimizer: advtrain
new_nb_fts=50
================
Bucketization:
AGEP (cont): tot_buckets=5, borders=[0.084, 0.266, 0.409, 0.565]
		Train set values would map to 5 buckets: [0, 0, 0, 0, 0, 0, 0, 1, 1, 1, 1, 1, 1, 1, 1, 1, 1, 1, 1, 1, 1, 2, 2, 2, 2, 2, 2, 2, 2, 2, 2, 2, 3, 3, 3, 3, 3, 3, 3, 3, 3, 3, 3, 3, 4, 4, 4, 4, 4, 4, 4, 4, 4, 4, 4, 4, 4, 4, 4, 4, 4, 4, 4, 4, 4, 4, 4, 4, 4, 4, 4, 4, 4, 4, 4]
SCHL (cont): tot_buckets=5, borders=[0.543, 0.761, 0.804, 0.891]
		Train set values would map to 5 buckets: [0, 0, 0, 0, 0, 0, 0, 0, 0, 0, 0, 0, 0, 1, 1, 1, 1, 1, 2, 3, 3, 4, 4, 4]
WKHP (cont): tot_buckets=5, borders=[0.24, 0.362, 0.403, 0.485]
		Train set values would map to 5 buckets: [0, 0, 0, 0, 0, 0, 0, 0, 0, 0, 0, 0, 0, 0, 0, 0, 0, 0, 0, 0, 0, 0, 0, 0, 1, 1, 1, 1, 1, 1, 1, 1, 1, 1, 1, 1, 2, 2, 2, 2, 3, 3, 3, 3, 3, 3, 3, 3, 4, 4, 4, 4, 4, 4, 4, 4, 4, 4, 4, 4, 4, 4, 4, 4, 4, 4, 4, 4, 4, 4, 4, 4, 4, 4, 4, 4, 4, 4, 4, 4, 4, 4, 4, 4, 4, 4, 4, 4, 4, 4, 4, 4, 4, 4, 4]
COW (disc): tot_buckets=1, mapping=[0, 0, 0, 0, 0, 0, 0, 0]
MAR (disc): tot_buckets=3, mapping=[0, 1, 1, 2, 0]
OCCP (disc): tot_buckets=1, mapping=[0, 0, 0, 0, 0, 0, 0, 0, 0, 0, 0, 0, 0, 0, 0, 0, 0, 0, 0, 0, 0, 0, 0, 0, 0, 0, 0, 0, 0, 0, 0, 0, 0, 0, 0, 0, 0, 0, 0, 0, 0, 0, 0, 0, 0, 0, 0, 0, 0, 0, 0, 0, 0, 0, 0, 0, 0, 0, 0, 0, 0, 0, 0, 0, 0, 0, 0, 0, 0, 0, 0, 0, 0, 0, 0, 0, 0, 0, 0, 0, 0, 0, 0, 0, 0, 0, 0, 0, 0, 0, 0, 0, 0, 0, 0, 0, 0, 0, 0, 0, 0, 0, 0, 0, 0, 0, 0, 0, 0, 0, 0, 0, 0, 0, 0, 0, 0, 0, 0, 0, 0, 0, 0, 0, 0, 0, 0, 0, 0, 0, 0, 0, 0, 0, 0, 0, 0, 0, 0, 0, 0, 0, 0, 0, 0, 0, 0, 0, 0, 0, 0, 0, 0, 0, 0, 0, 0, 0, 0, 0, 0, 0, 0, 0, 0, 0, 0, 0, 0, 0, 0, 0, 0, 0, 0, 0, 0, 0, 0, 0, 0, 0, 0, 0, 0, 0, 0, 0, 0, 0, 0, 0, 0, 0, 0, 0, 0, 0, 0, 0, 0, 0, 0, 0, 0, 0, 0, 0, 0, 0, 0, 0, 0, 0, 0, 0, 0, 0, 0, 0, 0, 0, 0, 0, 0, 0, 0, 0, 0, 0, 0, 0, 0, 0, 0, 0, 0, 0, 0, 0, 0, 0, 0, 0, 0, 0, 0, 0, 0, 0, 0, 0, 0, 0, 0, 0, 0, 0, 0, 0, 0, 0, 0, 0, 0, 0, 0, 0, 0, 0, 0, 0, 0, 0, 0, 0, 0, 0, 0, 0, 0, 0, 0, 0, 0, 0, 0, 0, 0, 0, 0, 0, 0, 0, 0, 0, 0, 0, 0, 0, 0, 0, 0, 0, 0, 0, 0, 0, 0, 0, 0, 0, 0, 0, 0, 0, 0, 0, 0, 0, 0, 0, 0, 0, 0, 0, 0, 0, 0, 0, 0, 0, 0, 0, 0, 0, 0, 0, 0, 0, 0, 0, 0, 0, 0, 0, 0, 0, 0, 0, 0, 0, 0, 0, 0, 0, 0, 0, 0, 0, 0, 0, 0, 0, 0, 0, 0, 0, 0, 0, 0, 0, 0, 0, 0, 0, 0, 0, 0, 0, 0, 0, 0, 0, 0, 0, 0, 0, 0, 0, 0, 0, 0, 0, 0, 0, 0, 0, 0, 0, 0, 0, 0, 0, 0, 0, 0, 0, 0, 0, 0, 0, 0, 0, 0, 0, 0, 0, 0, 0, 0, 0, 0, 0, 0, 0, 0, 0, 0, 0, 0, 0, 0, 0, 0, 0, 0, 0, 0, 0, 0, 0, 0, 0, 0, 0, 0, 0, 0, 0, 0, 0, 0, 0, 0, 0, 0, 0, 0, 0, 0, 0, 0, 0, 0, 0, 0, 0, 0, 0, 0, 0, 0, 0, 0, 0, 0]
POBP (disc): tot_buckets=1, mapping=[0, 0, 0, 0, 0, 0, 0, 0, 0, 0, 0, 0, 0, 0, 0, 0, 0, 0, 0, 0, 0, 0, 0, 0, 0, 0, 0, 0, 0, 0, 0, 0, 0, 0, 0, 0, 0, 0, 0, 0, 0, 0, 0, 0, 0, 0, 0, 0, 0, 0, 0, 0, 0, 0, 0, 0, 0, 0, 0, 0, 0, 0, 0, 0, 0, 0, 0, 0, 0, 0, 0, 0, 0, 0, 0, 0, 0, 0, 0, 0, 0, 0, 0, 0, 0, 0, 0, 0, 0, 0, 0, 0, 0, 0, 0, 0, 0, 0, 0, 0, 0, 0, 0, 0, 0, 0, 0, 0, 0, 0, 0, 0, 0, 0, 0, 0, 0, 0, 0, 0, 0, 0, 0, 0, 0, 0, 0, 0, 0, 0, 0, 0, 0, 0, 0, 0, 0, 0, 0, 0, 0, 0, 0, 0, 0, 0, 0, 0, 0, 0, 0, 0, 0, 0, 0, 0, 0, 0, 0, 0, 0, 0, 0, 0, 0, 0, 0, 0, 0, 0, 0, 0, 0, 0, 0, 0, 0, 0, 0, 0, 0, 0, 0, 0, 0, 0, 0, 0, 0, 0, 0, 0, 0, 0, 0, 0, 0, 0, 0, 0, 0, 0, 0, 0, 0, 0, 0, 0, 0, 0, 0, 0]
RELP (disc): tot_buckets=2, mapping=[0, 0, 0, 0, 0, 1, 0, 0, 0, 0, 0, 0, 0, 0, 0, 0, 0]
SEX (disc): tot_buckets=2, mapping=[0, 1]
RAC1P (disc): tot_buckets=1, mapping=[0, 0, 0, 0, 0, 0, 0, 0, 0]
Used 26 buckets in total
================
LR:
0.01
LR:
0.01
LR:
0.01
LR:
0.01
LR:
0.01
==================
================
Bucketization:
AGEP (cont): tot_buckets=5, borders=[0.136, 0.188, 0.279, 0.903]
		Train set values would map to 5 buckets: [0, 0, 0, 0, 0, 0, 0, 0, 0, 0, 0, 1, 1, 1, 1, 2, 2, 2, 2, 2, 2, 2, 3, 3, 3, 3, 3, 3, 3, 3, 3, 3, 3, 3, 3, 3, 3, 3, 3, 3, 3, 3, 3, 3, 3, 3, 3, 3, 3, 3, 3, 3, 3, 3, 3, 3, 3, 3, 3, 3, 3, 3, 3, 3, 3, 3, 3, 3, 3, 3, 4, 4, 4, 4, 4]
SCHL (cont): tot_buckets=4, borders=[0.065, 0.804, 0.891]
		Train set values would map to 4 buckets: [0, 0, 1, 1, 1, 1, 1, 1, 1, 1, 1, 1, 1, 1, 1, 1, 1, 1, 1, 2, 2, 3, 3, 3]
WKHP (cont): tot_buckets=4, borders=[0.26, 0.352, 0.413]
		Train set values would map to 4 buckets: [0, 0, 0, 0, 0, 0, 0, 0, 0, 0, 0, 0, 0, 0, 0, 0, 0, 0, 0, 0, 0, 0, 0, 0, 0, 0, 1, 1, 1, 1, 1, 1, 1, 1, 1, 2, 2, 2, 2, 2, 2, 3, 3, 3, 3, 3, 3, 3, 3, 3, 3, 3, 3, 3, 3, 3, 3, 3, 3, 3, 3, 3, 3, 3, 3, 3, 3, 3, 3, 3, 3, 3, 3, 3, 3, 3, 3, 3, 3, 3, 3, 3, 3, 3, 3, 3, 3, 3, 3, 3, 3, 3, 3, 3, 3]
COW (disc): tot_buckets=3, mapping=[0, 1, 2, 0, 0, 1, 1, 1]
MAR (disc): tot_buckets=2, mapping=[0, 0, 0, 0, 1]
OCCP (disc): tot_buckets=4, mapping=[0, 0, 0, 0, 0, 0, 0, 0, 0, 0, 0, 0, 0, 0, 1, 0, 1, 0, 2, 0, 3, 0, 0, 0, 1, 0, 0, 0, 0, 1, 1, 0, 0, 1, 0, 3, 0, 2, 0, 0, 0, 0, 0, 0, 0, 0, 0, 0, 0, 0, 0, 0, 1, 0, 0, 0, 0, 0, 0, 0, 0, 0, 0, 0, 0, 0, 0, 0, 0, 0, 1, 0, 0, 0, 0, 0, 0, 0, 0, 0, 0, 0, 0, 0, 0, 1, 0, 0, 3, 0, 0, 0, 0, 0, 0, 1, 0, 0, 0, 3, 3, 0, 1, 2, 2, 2, 1, 0, 3, 2, 2, 3, 3, 0, 1, 1, 0, 2, 3, 1, 0, 2, 2, 0, 1, 3, 3, 2, 2, 0, 0, 0, 3, 3, 1, 0, 1, 0, 0, 1, 0, 1, 2, 0, 2, 1, 0, 0, 0, 0, 0, 0, 0, 0, 0, 0, 0, 0, 3, 0, 0, 0, 0, 0, 0, 0, 3, 0, 0, 0, 3, 1, 1, 2, 3, 1, 0, 3, 1, 2, 3, 3, 3, 3, 3, 3, 1, 3, 0, 0, 0, 2, 0, 0, 0, 0, 0, 0, 3, 0, 3, 3, 1, 2, 3, 3, 3, 3, 3, 3, 3, 3, 3, 3, 3, 3, 2, 3, 3, 3, 2, 3, 3, 3, 3, 3, 3, 3, 3, 3, 3, 2, 3, 3, 3, 3, 3, 3, 3, 3, 3, 3, 2, 0, 3, 3, 3, 2, 0, 0, 0, 3, 1, 0, 3, 0, 0, 3, 3, 0, 1, 3, 3, 1, 3, 3, 2, 3, 2, 0, 3, 1, 2, 3, 2, 3, 2, 3, 3, 3, 3, 2, 0, 3, 2, 3, 2, 2, 2, 3, 2, 3, 0, 0, 0, 0, 3, 3, 1, 2, 1, 3, 3, 2, 3, 3, 3, 3, 1, 1, 3, 1, 3, 3, 0, 3, 3, 0, 0, 3, 2, 3, 1, 2, 3, 0, 3, 0, 0, 2, 3, 1, 2, 2, 2, 1, 1, 1, 2, 3, 2, 2, 0, 3, 0, 0, 3, 3, 1, 0, 0, 0, 3, 1, 2, 3, 2, 1, 0, 2, 3, 2, 1, 0, 1, 3, 2, 1, 2, 1, 1, 1, 0, 0, 0, 2, 3, 3, 3, 3, 3, 1, 0, 3, 0, 3, 3, 3, 3, 3, 3, 2, 3, 3, 0, 3, 2, 2, 1, 0, 0, 3, 3, 3, 3, 3, 2, 3, 3, 3, 0, 3, 3, 3, 3, 3, 2, 3, 3, 2, 2, 0, 0, 1, 0, 1, 3, 3, 3, 3, 2, 3, 2, 3, 3, 3, 3, 1, 3, 2, 3, 3, 3, 1, 0, 0, 2, 3, 3, 2, 3, 3, 0, 0, 2, 1, 0, 3, 3, 0, 3, 1, 0, 3, 3, 3, 3, 3, 2, 3, 1, 3, 3, 0, 2, 3, 3]
POBP (disc): tot_buckets=3, mapping=[0, 0, 0, 0, 0, 0, 0, 0, 0, 0, 0, 0, 0, 0, 0, 0, 0, 0, 0, 1, 0, 0, 0, 0, 0, 0, 0, 0, 0, 0, 0, 0, 0, 0, 0, 0, 0, 0, 0, 0, 0, 0, 0, 0, 0, 0, 1, 0, 2, 0, 0, 0, 0, 0, 0, 1, 0, 1, 0, 0, 0, 2, 0, 0, 0, 0, 0, 1, 0, 0, 0, 0, 0, 0, 1, 0, 1, 0, 0, 0, 0, 0, 0, 1, 0, 0, 0, 1, 0, 0, 1, 0, 1, 0, 1, 1, 1, 1, 1, 1, 1, 0, 1, 0, 1, 1, 1, 0, 0, 0, 1, 1, 1, 1, 1, 1, 1, 1, 1, 1, 0, 0, 1, 0, 1, 1, 0, 1, 0, 0, 1, 0, 1, 1, 1, 0, 2, 1, 1, 0, 0, 1, 1, 0, 1, 1, 1, 0, 2, 1, 0, 0, 1, 1, 1, 0, 1, 1, 1, 0, 0, 1, 1, 0, 0, 1, 1, 0, 0, 0, 1, 0, 0, 0, 0, 0, 0, 0, 0, 1, 0, 1, 0, 1, 1, 1, 0, 1, 1, 0, 1, 0, 1, 0, 1, 0, 0, 1, 0, 1, 0, 0, 1, 1, 0, 1, 1, 0, 1, 1, 1, 1]
RELP (disc): tot_buckets=4, mapping=[0, 0, 1, 2, 1, 2, 3, 1, 1, 1, 3, 2, 0, 0, 3, 1, 1]
SEX (disc): tot_buckets=1, mapping=[0, 0]
RAC1P (disc): tot_buckets=3, mapping=[0, 1, 1, 1, 1, 1, 2, 1, 1]
Used 33 buckets in total
================
LR:
0.001
LR:
0.001
LR:
0.001
LR:
0.001
LR:
0.001
==================
================
Bucketization:
AGEP (cont): tot_buckets=5, borders=[0.136, 0.188, 0.318, 0.786]
		Train set values would map to 5 buckets: [0, 0, 0, 0, 0, 0, 0, 0, 0, 0, 0, 1, 1, 1, 1, 2, 2, 2, 2, 2, 2, 2, 2, 2, 2, 3, 3, 3, 3, 3, 3, 3, 3, 3, 3, 3, 3, 3, 3, 3, 3, 3, 3, 3, 3, 3, 3, 3, 3, 3, 3, 3, 3, 3, 3, 3, 3, 3, 3, 3, 3, 4, 4, 4, 4, 4, 4, 4, 4, 4, 4, 4, 4, 4, 4]
SCHL (cont): tot_buckets=5, borders=[0.457, 0.761, 0.848, 0.891]
		Train set values would map to 5 buckets: [0, 0, 0, 0, 0, 0, 0, 0, 0, 0, 0, 1, 1, 1, 1, 1, 1, 1, 2, 2, 3, 4, 4, 4]
WKHP (cont): tot_buckets=4, borders=[0.24, 0.332, 0.403]
		Train set values would map to 4 buckets: [0, 0, 0, 0, 0, 0, 0, 0, 0, 0, 0, 0, 0, 0, 0, 0, 0, 0, 0, 0, 0, 0, 0, 0, 1, 1, 1, 1, 1, 1, 1, 1, 1, 2, 2, 2, 2, 2, 2, 2, 3, 3, 3, 3, 3, 3, 3, 3, 3, 3, 3, 3, 3, 3, 3, 3, 3, 3, 3, 3, 3, 3, 3, 3, 3, 3, 3, 3, 3, 3, 3, 3, 3, 3, 3, 3, 3, 3, 3, 3, 3, 3, 3, 3, 3, 3, 3, 3, 3, 3, 3, 3, 3, 3, 3]
COW (disc): tot_buckets=3, mapping=[0, 1, 0, 0, 0, 2, 2, 2]
MAR (disc): tot_buckets=2, mapping=[0, 1, 1, 1, 1]
OCCP (disc): tot_buckets=4, mapping=[0, 0, 0, 0, 0, 1, 0, 0, 0, 0, 0, 0, 0, 1, 1, 0, 1, 0, 1, 0, 2, 0, 0, 1, 1, 0, 0, 1, 0, 1, 1, 0, 0, 1, 0, 3, 0, 1, 0, 0, 0, 0, 0, 0, 0, 0, 0, 0, 0, 0, 0, 0, 1, 0, 0, 0, 0, 0, 0, 0, 0, 0, 0, 0, 0, 0, 0, 0, 0, 0, 1, 0, 0, 0, 0, 0, 0, 0, 0, 0, 0, 0, 0, 0, 1, 1, 0, 0, 2, 0, 0, 1, 0, 0, 0, 1, 0, 0, 0, 3, 2, 0, 1, 1, 1, 1, 1, 0, 2, 3, 3, 2, 3, 0, 1, 1, 0, 1, 2, 1, 0, 1, 3, 0, 1, 2, 2, 1, 1, 0, 1, 0, 3, 2, 1, 0, 1, 0, 0, 1, 0, 1, 3, 1, 3, 1, 0, 0, 0, 0, 0, 0, 0, 0, 0, 0, 0, 0, 2, 0, 0, 0, 0, 0, 0, 0, 3, 0, 0, 0, 3, 1, 1, 3, 2, 1, 1, 2, 1, 3, 2, 3, 2, 3, 2, 2, 1, 2, 0, 0, 0, 1, 0, 0, 0, 0, 0, 0, 3, 0, 2, 2, 1, 3, 2, 2, 2, 2, 2, 2, 2, 2, 2, 2, 2, 2, 1, 2, 2, 2, 1, 2, 2, 2, 3, 2, 2, 2, 2, 2, 2, 1, 2, 2, 2, 2, 3, 2, 2, 2, 2, 2, 1, 0, 2, 2, 2, 3, 0, 0, 1, 2, 1, 0, 2, 0, 0, 2, 2, 0, 1, 3, 2, 1, 2, 2, 1, 2, 3, 0, 2, 1, 3, 2, 1, 3, 1, 2, 2, 2, 2, 1, 1, 2, 1, 2, 3, 1, 3, 3, 1, 3, 1, 0, 1, 1, 2, 2, 1, 1, 1, 2, 2, 1, 2, 2, 2, 2, 1, 1, 2, 1, 2, 2, 0, 2, 2, 0, 0, 3, 1, 2, 1, 3, 2, 1, 3, 1, 0, 1, 2, 1, 1, 3, 1, 1, 1, 1, 1, 2, 1, 1, 0, 2, 0, 0, 2, 2, 1, 0, 1, 0, 3, 1, 1, 2, 3, 1, 0, 3, 2, 3, 1, 1, 1, 3, 1, 1, 3, 1, 1, 1, 0, 0, 0, 1, 2, 3, 2, 2, 2, 1, 0, 2, 0, 2, 2, 2, 2, 2, 2, 3, 2, 2, 0, 2, 3, 3, 1, 0, 0, 3, 3, 3, 2, 2, 3, 2, 2, 2, 0, 2, 2, 2, 2, 2, 3, 2, 2, 1, 1, 0, 0, 1, 0, 1, 2, 2, 2, 2, 1, 2, 3, 2, 2, 3, 2, 1, 2, 3, 2, 2, 2, 1, 0, 0, 1, 2, 2, 3, 2, 2, 0, 0, 3, 1, 0, 2, 2, 0, 2, 1, 0, 2, 3, 2, 2, 2, 1, 2, 1, 3, 2, 1, 3, 2, 2]
POBP (disc): tot_buckets=2, mapping=[0, 0, 0, 0, 0, 0, 0, 0, 0, 0, 0, 0, 0, 0, 0, 0, 0, 0, 0, 1, 0, 0, 0, 0, 0, 0, 0, 0, 0, 0, 0, 0, 0, 0, 0, 0, 0, 0, 0, 0, 0, 0, 0, 0, 0, 0, 1, 0, 1, 0, 0, 0, 0, 0, 0, 1, 0, 1, 0, 0, 0, 1, 0, 0, 0, 0, 0, 1, 0, 0, 0, 0, 0, 0, 1, 0, 1, 0, 0, 0, 0, 0, 0, 1, 0, 0, 0, 1, 0, 0, 1, 0, 1, 0, 1, 1, 1, 1, 1, 1, 1, 0, 1, 0, 1, 1, 1, 0, 0, 0, 1, 1, 1, 1, 1, 1, 1, 1, 1, 1, 0, 0, 1, 1, 1, 1, 0, 1, 0, 0, 1, 0, 1, 1, 1, 0, 1, 1, 1, 0, 0, 1, 1, 0, 1, 1, 1, 0, 1, 1, 0, 0, 1, 1, 1, 0, 1, 1, 1, 0, 0, 1, 1, 0, 0, 1, 1, 0, 0, 0, 1, 0, 0, 0, 0, 0, 0, 0, 1, 1, 0, 1, 0, 1, 1, 1, 0, 1, 1, 0, 1, 0, 1, 0, 1, 0, 0, 1, 0, 1, 0, 1, 1, 1, 0, 1, 1, 0, 1, 1, 1, 1]
RELP (disc): tot_buckets=3, mapping=[0, 0, 1, 2, 1, 2, 2, 1, 1, 2, 2, 2, 0, 0, 0, 1, 1]
SEX (disc): tot_buckets=1, mapping=[0, 0]
RAC1P (disc): tot_buckets=3, mapping=[0, 1, 1, 1, 1, 2, 0, 1, 1]
Used 32 buckets in total
================
LR:
0.0001
LR:
0.0001
LR:
0.0001
LR:
0.0001
LR:
0.0001
==================
================
Bucketization:
AGEP (cont): tot_buckets=5, borders=[0.136, 0.188, 0.318, 0.76]
		Train set values would map to 5 buckets: [0, 0, 0, 0, 0, 0, 0, 0, 0, 0, 0, 1, 1, 1, 1, 2, 2, 2, 2, 2, 2, 2, 2, 2, 2, 3, 3, 3, 3, 3, 3, 3, 3, 3, 3, 3, 3, 3, 3, 3, 3, 3, 3, 3, 3, 3, 3, 3, 3, 3, 3, 3, 3, 3, 3, 3, 3, 3, 3, 4, 4, 4, 4, 4, 4, 4, 4, 4, 4, 4, 4, 4, 4, 4, 4]
SCHL (cont): tot_buckets=5, borders=[0.457, 0.761, 0.848, 0.891]
		Train set values would map to 5 buckets: [0, 0, 0, 0, 0, 0, 0, 0, 0, 0, 0, 1, 1, 1, 1, 1, 1, 1, 2, 2, 3, 4, 4, 4]
WKHP (cont): tot_buckets=4, borders=[0.24, 0.332, 0.403]
		Train set values would map to 4 buckets: [0, 0, 0, 0, 0, 0, 0, 0, 0, 0, 0, 0, 0, 0, 0, 0, 0, 0, 0, 0, 0, 0, 0, 0, 1, 1, 1, 1, 1, 1, 1, 1, 1, 2, 2, 2, 2, 2, 2, 2, 3, 3, 3, 3, 3, 3, 3, 3, 3, 3, 3, 3, 3, 3, 3, 3, 3, 3, 3, 3, 3, 3, 3, 3, 3, 3, 3, 3, 3, 3, 3, 3, 3, 3, 3, 3, 3, 3, 3, 3, 3, 3, 3, 3, 3, 3, 3, 3, 3, 3, 3, 3, 3, 3, 3]
COW (disc): tot_buckets=4, mapping=[0, 1, 2, 2, 2, 3, 3, 3]
MAR (disc): tot_buckets=2, mapping=[0, 1, 1, 1, 1]
OCCP (disc): tot_buckets=4, mapping=[0, 0, 0, 0, 0, 1, 0, 0, 0, 0, 0, 0, 0, 1, 1, 0, 1, 0, 1, 0, 2, 0, 0, 1, 1, 0, 0, 1, 0, 1, 1, 0, 0, 1, 0, 3, 0, 1, 0, 0, 0, 0, 1, 0, 0, 0, 0, 0, 0, 0, 0, 0, 1, 1, 0, 0, 0, 0, 0, 0, 0, 0, 0, 0, 0, 0, 0, 0, 0, 0, 1, 0, 0, 0, 0, 0, 0, 0, 0, 0, 0, 0, 0, 0, 1, 1, 0, 0, 2, 0, 0, 1, 0, 0, 0, 1, 0, 0, 0, 3, 2, 0, 1, 1, 1, 1, 1, 0, 2, 3, 3, 2, 3, 0, 1, 1, 0, 1, 2, 1, 1, 1, 1, 1, 1, 2, 2, 1, 1, 1, 1, 0, 3, 2, 1, 0, 1, 0, 0, 1, 0, 1, 3, 1, 3, 1, 0, 0, 1, 0, 0, 0, 0, 0, 0, 0, 0, 0, 2, 0, 0, 1, 0, 0, 0, 0, 3, 0, 0, 0, 3, 1, 1, 1, 2, 1, 1, 2, 1, 1, 2, 3, 2, 3, 2, 2, 1, 3, 0, 0, 0, 1, 0, 0, 0, 0, 0, 0, 3, 0, 2, 2, 1, 3, 2, 2, 2, 2, 2, 2, 2, 2, 3, 2, 2, 2, 1, 2, 2, 2, 1, 2, 2, 2, 3, 2, 2, 2, 2, 2, 2, 1, 2, 3, 2, 2, 3, 2, 2, 2, 2, 2, 1, 0, 2, 2, 2, 3, 0, 1, 1, 3, 1, 0, 2, 1, 0, 2, 2, 0, 1, 3, 2, 1, 2, 2, 1, 2, 1, 1, 2, 1, 3, 3, 1, 3, 1, 2, 2, 2, 2, 1, 1, 2, 1, 2, 3, 1, 3, 3, 1, 3, 1, 0, 1, 1, 2, 2, 1, 1, 1, 2, 2, 1, 2, 3, 2, 2, 1, 1, 2, 1, 2, 2, 0, 2, 2, 0, 0, 3, 1, 2, 1, 1, 2, 1, 3, 1, 0, 1, 3, 1, 1, 1, 1, 1, 1, 1, 1, 2, 1, 1, 0, 2, 0, 0, 2, 2, 1, 0, 1, 0, 3, 1, 1, 2, 3, 1, 0, 3, 2, 1, 1, 1, 1, 3, 1, 1, 1, 1, 1, 1, 0, 0, 0, 1, 2, 3, 2, 2, 2, 1, 0, 2, 0, 2, 2, 2, 2, 2, 2, 1, 2, 3, 0, 2, 3, 3, 1, 0, 0, 3, 3, 3, 2, 2, 1, 2, 2, 2, 1, 2, 2, 2, 2, 2, 3, 2, 2, 1, 1, 0, 0, 1, 0, 1, 2, 2, 2, 2, 1, 2, 1, 2, 2, 3, 2, 1, 2, 1, 2, 2, 2, 1, 0, 0, 1, 2, 3, 1, 2, 2, 0, 0, 3, 1, 0, 2, 2, 0, 2, 1, 0, 2, 3, 2, 2, 2, 1, 2, 1, 3, 2, 1, 3, 3, 2]
POBP (disc): tot_buckets=3, mapping=[0, 0, 0, 0, 0, 0, 0, 0, 0, 0, 0, 0, 0, 0, 0, 0, 0, 0, 0, 1, 0, 0, 0, 0, 0, 0, 0, 0, 0, 0, 0, 0, 0, 0, 0, 0, 0, 0, 0, 0, 2, 0, 0, 0, 0, 0, 1, 0, 1, 0, 0, 0, 0, 0, 1, 1, 0, 1, 0, 0, 0, 1, 0, 0, 0, 0, 0, 1, 0, 0, 0, 0, 0, 0, 1, 0, 1, 0, 0, 0, 0, 0, 0, 1, 0, 0, 0, 1, 0, 0, 1, 0, 1, 0, 1, 1, 1, 1, 1, 1, 1, 0, 1, 0, 1, 1, 1, 0, 0, 0, 1, 1, 1, 1, 1, 1, 1, 1, 1, 1, 0, 0, 1, 1, 1, 1, 0, 1, 0, 0, 1, 0, 1, 1, 1, 0, 1, 1, 1, 0, 0, 1, 1, 0, 1, 1, 1, 1, 1, 1, 0, 1, 1, 1, 1, 0, 1, 1, 1, 0, 0, 1, 1, 0, 0, 1, 1, 0, 0, 0, 1, 0, 0, 0, 0, 0, 0, 0, 1, 1, 0, 1, 0, 1, 1, 1, 0, 1, 1, 0, 1, 0, 1, 0, 1, 0, 0, 1, 0, 1, 0, 1, 1, 1, 0, 1, 1, 0, 1, 1, 1, 1]
RELP (disc): tot_buckets=3, mapping=[0, 0, 1, 1, 2, 1, 1, 2, 2, 1, 1, 1, 0, 0, 0, 2, 2]
SEX (disc): tot_buckets=1, mapping=[0, 0]
RAC1P (disc): tot_buckets=2, mapping=[0, 1, 1, 1, 1, 0, 0, 1, 1]
Used 33 buckets in total
================
LR:
1e-05
LR:
1e-05
LR:
1e-05
LR:
1e-05
LR:
1e-05
==================
================
Bucketization:
AGEP (cont): tot_buckets=5, borders=[0.136, 0.188, 0.331, 0.747]
		Train set values would map to 5 buckets: [0, 0, 0, 0, 0, 0, 0, 0, 0, 0, 0, 1, 1, 1, 1, 2, 2, 2, 2, 2, 2, 2, 2, 2, 2, 2, 3, 3, 3, 3, 3, 3, 3, 3, 3, 3, 3, 3, 3, 3, 3, 3, 3, 3, 3, 3, 3, 3, 3, 3, 3, 3, 3, 3, 3, 3, 3, 3, 4, 4, 4, 4, 4, 4, 4, 4, 4, 4, 4, 4, 4, 4, 4, 4, 4]
SCHL (cont): tot_buckets=5, borders=[0.457, 0.761, 0.848, 0.891]
		Train set values would map to 5 buckets: [0, 0, 0, 0, 0, 0, 0, 0, 0, 0, 0, 1, 1, 1, 1, 1, 1, 1, 2, 2, 3, 4, 4, 4]
WKHP (cont): tot_buckets=4, borders=[0.24, 0.332, 0.403]
		Train set values would map to 4 buckets: [0, 0, 0, 0, 0, 0, 0, 0, 0, 0, 0, 0, 0, 0, 0, 0, 0, 0, 0, 0, 0, 0, 0, 0, 1, 1, 1, 1, 1, 1, 1, 1, 1, 2, 2, 2, 2, 2, 2, 2, 3, 3, 3, 3, 3, 3, 3, 3, 3, 3, 3, 3, 3, 3, 3, 3, 3, 3, 3, 3, 3, 3, 3, 3, 3, 3, 3, 3, 3, 3, 3, 3, 3, 3, 3, 3, 3, 3, 3, 3, 3, 3, 3, 3, 3, 3, 3, 3, 3, 3, 3, 3, 3, 3, 3]
COW (disc): tot_buckets=5, mapping=[0, 1, 2, 3, 3, 4, 4, 4]
MAR (disc): tot_buckets=2, mapping=[0, 1, 1, 1, 1]
OCCP (disc): tot_buckets=4, mapping=[0, 0, 0, 0, 0, 1, 0, 0, 0, 0, 0, 0, 0, 1, 1, 0, 1, 0, 1, 0, 2, 0, 0, 1, 1, 0, 0, 1, 0, 1, 1, 1, 0, 1, 1, 2, 0, 1, 0, 1, 0, 0, 1, 0, 0, 0, 0, 0, 0, 0, 0, 0, 1, 1, 0, 0, 0, 0, 0, 0, 0, 0, 0, 0, 0, 0, 0, 0, 0, 0, 1, 0, 0, 0, 0, 0, 0, 0, 0, 0, 0, 0, 0, 0, 1, 1, 0, 0, 3, 0, 0, 1, 0, 0, 0, 1, 0, 1, 0, 2, 3, 0, 1, 1, 1, 1, 1, 0, 3, 2, 2, 3, 2, 0, 1, 1, 0, 1, 3, 1, 1, 1, 1, 1, 1, 3, 3, 1, 1, 1, 1, 0, 2, 3, 1, 0, 1, 0, 0, 1, 0, 1, 2, 1, 2, 1, 0, 0, 1, 0, 0, 0, 0, 0, 0, 0, 0, 0, 3, 0, 0, 1, 0, 0, 0, 0, 2, 0, 0, 0, 2, 1, 1, 1, 3, 1, 1, 3, 1, 1, 3, 2, 3, 2, 3, 3, 1, 2, 0, 0, 0, 1, 0, 0, 0, 0, 0, 0, 2, 0, 3, 3, 1, 2, 3, 3, 3, 3, 3, 3, 3, 3, 2, 3, 3, 3, 1, 3, 3, 3, 1, 3, 3, 3, 2, 3, 3, 3, 3, 3, 3, 1, 3, 2, 3, 3, 2, 3, 3, 3, 3, 3, 1, 0, 3, 3, 3, 2, 0, 1, 1, 2, 1, 0, 3, 1, 0, 3, 3, 0, 1, 2, 3, 1, 2, 3, 1, 3, 1, 1, 3, 1, 2, 2, 1, 2, 1, 3, 3, 3, 3, 1, 1, 3, 1, 3, 2, 1, 2, 2, 1, 2, 1, 0, 1, 1, 3, 3, 1, 1, 1, 3, 3, 1, 3, 2, 3, 2, 1, 1, 3, 1, 3, 3, 0, 3, 3, 0, 0, 1, 1, 3, 1, 1, 3, 1, 2, 1, 0, 1, 2, 1, 1, 1, 1, 1, 1, 1, 1, 3, 1, 1, 0, 3, 0, 0, 3, 3, 1, 0, 1, 1, 2, 1, 1, 3, 2, 1, 1, 2, 3, 1, 1, 1, 1, 2, 1, 1, 1, 1, 1, 1, 0, 0, 0, 1, 3, 2, 3, 3, 3, 1, 1, 3, 0, 3, 3, 3, 3, 3, 3, 1, 3, 2, 0, 3, 2, 2, 1, 0, 0, 2, 2, 2, 3, 3, 1, 3, 3, 3, 1, 3, 3, 3, 3, 3, 2, 3, 3, 1, 1, 0, 0, 1, 0, 1, 3, 3, 3, 3, 1, 3, 1, 3, 3, 2, 3, 1, 3, 1, 3, 3, 3, 1, 0, 0, 1, 3, 2, 1, 3, 3, 0, 0, 2, 1, 1, 3, 3, 0, 3, 1, 0, 3, 2, 3, 3, 3, 1, 3, 1, 2, 3, 1, 2, 2, 3]
POBP (disc): tot_buckets=3, mapping=[0, 0, 0, 0, 0, 0, 0, 0, 0, 0, 1, 0, 0, 0, 0, 0, 0, 0, 0, 2, 0, 0, 0, 0, 0, 0, 0, 0, 0, 0, 0, 0, 0, 0, 0, 0, 0, 0, 0, 0, 1, 0, 1, 0, 0, 0, 2, 0, 2, 0, 0, 0, 0, 0, 2, 2, 0, 2, 0, 0, 0, 2, 1, 0, 0, 0, 0, 2, 0, 0, 0, 0, 0, 1, 2, 0, 2, 0, 0, 0, 0, 0, 0, 2, 0, 0, 0, 2, 0, 0, 2, 0, 2, 0, 2, 2, 2, 2, 2, 2, 2, 0, 2, 0, 2, 2, 2, 0, 0, 0, 2, 2, 2, 2, 2, 2, 2, 2, 2, 2, 0, 0, 2, 2, 2, 2, 0, 2, 0, 0, 2, 0, 2, 2, 2, 0, 2, 2, 2, 0, 0, 2, 2, 0, 2, 2, 2, 2, 2, 2, 0, 2, 2, 2, 2, 0, 2, 2, 2, 0, 0, 2, 2, 0, 0, 2, 2, 0, 0, 0, 2, 0, 0, 0, 0, 0, 0, 0, 2, 2, 0, 2, 0, 2, 2, 2, 0, 2, 2, 0, 2, 0, 2, 0, 2, 0, 0, 2, 0, 2, 0, 2, 2, 2, 0, 2, 2, 0, 2, 2, 2, 2]
RELP (disc): tot_buckets=3, mapping=[0, 0, 1, 1, 2, 1, 1, 2, 2, 1, 1, 1, 0, 0, 0, 2, 2]
SEX (disc): tot_buckets=1, mapping=[0, 0]
RAC1P (disc): tot_buckets=2, mapping=[0, 1, 1, 1, 1, 0, 0, 1, 1]
Used 34 buckets in total
================
adv_train done
Final bucketizations:
================
Bucketization:
AGEP (cont): tot_buckets=5, borders=[0.136, 0.188, 0.331, 0.747]
		Train set values would map to 5 buckets: [0, 0, 0, 0, 0, 0, 0, 0, 0, 0, 0, 1, 1, 1, 1, 2, 2, 2, 2, 2, 2, 2, 2, 2, 2, 2, 3, 3, 3, 3, 3, 3, 3, 3, 3, 3, 3, 3, 3, 3, 3, 3, 3, 3, 3, 3, 3, 3, 3, 3, 3, 3, 3, 3, 3, 3, 3, 3, 4, 4, 4, 4, 4, 4, 4, 4, 4, 4, 4, 4, 4, 4, 4, 4, 4]
SCHL (cont): tot_buckets=5, borders=[0.457, 0.761, 0.848, 0.891]
		Train set values would map to 5 buckets: [0, 0, 0, 0, 0, 0, 0, 0, 0, 0, 0, 1, 1, 1, 1, 1, 1, 1, 2, 2, 3, 4, 4, 4]
WKHP (cont): tot_buckets=4, borders=[0.24, 0.332, 0.403]
		Train set values would map to 4 buckets: [0, 0, 0, 0, 0, 0, 0, 0, 0, 0, 0, 0, 0, 0, 0, 0, 0, 0, 0, 0, 0, 0, 0, 0, 1, 1, 1, 1, 1, 1, 1, 1, 1, 2, 2, 2, 2, 2, 2, 2, 3, 3, 3, 3, 3, 3, 3, 3, 3, 3, 3, 3, 3, 3, 3, 3, 3, 3, 3, 3, 3, 3, 3, 3, 3, 3, 3, 3, 3, 3, 3, 3, 3, 3, 3, 3, 3, 3, 3, 3, 3, 3, 3, 3, 3, 3, 3, 3, 3, 3, 3, 3, 3, 3, 3]
COW (disc): tot_buckets=5, mapping=[0, 1, 2, 3, 3, 4, 4, 4]
MAR (disc): tot_buckets=2, mapping=[0, 1, 1, 1, 1]
OCCP (disc): tot_buckets=4, mapping=[0, 0, 0, 0, 0, 1, 0, 0, 0, 0, 0, 0, 0, 1, 1, 0, 1, 0, 1, 0, 2, 0, 0, 1, 1, 0, 0, 1, 0, 1, 1, 1, 0, 1, 1, 2, 0, 1, 0, 1, 0, 0, 1, 0, 0, 0, 0, 0, 0, 0, 0, 0, 1, 1, 0, 0, 0, 0, 0, 0, 0, 0, 0, 0, 0, 0, 0, 0, 0, 0, 1, 0, 0, 0, 0, 0, 0, 0, 0, 0, 0, 0, 0, 0, 1, 1, 0, 0, 3, 0, 0, 1, 0, 0, 0, 1, 0, 1, 0, 2, 3, 0, 1, 1, 1, 1, 1, 0, 3, 2, 2, 3, 2, 0, 1, 1, 0, 1, 3, 1, 1, 1, 1, 1, 1, 3, 3, 1, 1, 1, 1, 0, 2, 3, 1, 0, 1, 0, 0, 1, 0, 1, 2, 1, 2, 1, 0, 0, 1, 0, 0, 0, 0, 0, 0, 0, 0, 0, 3, 0, 0, 1, 0, 0, 0, 0, 2, 0, 0, 0, 2, 1, 1, 1, 3, 1, 1, 3, 1, 1, 3, 2, 3, 2, 3, 3, 1, 2, 0, 0, 0, 1, 0, 0, 0, 0, 0, 0, 2, 0, 3, 3, 1, 2, 3, 3, 3, 3, 3, 3, 3, 3, 2, 3, 3, 3, 1, 3, 3, 3, 1, 3, 3, 3, 2, 3, 3, 3, 3, 3, 3, 1, 3, 2, 3, 3, 2, 3, 3, 3, 3, 3, 1, 0, 3, 3, 3, 2, 0, 1, 1, 2, 1, 0, 3, 1, 0, 3, 3, 0, 1, 2, 3, 1, 2, 3, 1, 3, 1, 1, 3, 1, 2, 2, 1, 2, 1, 3, 3, 3, 3, 1, 1, 3, 1, 3, 2, 1, 2, 2, 1, 2, 1, 0, 1, 1, 3, 3, 1, 1, 1, 3, 3, 1, 3, 2, 3, 2, 1, 1, 3, 1, 3, 3, 0, 3, 3, 0, 0, 1, 1, 3, 1, 1, 3, 1, 2, 1, 0, 1, 2, 1, 1, 1, 1, 1, 1, 1, 1, 3, 1, 1, 0, 3, 0, 0, 3, 3, 1, 0, 1, 1, 2, 1, 1, 3, 2, 1, 1, 2, 3, 1, 1, 1, 1, 2, 1, 1, 1, 1, 1, 1, 0, 0, 0, 1, 3, 2, 3, 3, 3, 1, 1, 3, 0, 3, 3, 3, 3, 3, 3, 1, 3, 2, 0, 3, 2, 2, 1, 0, 0, 2, 2, 2, 3, 3, 1, 3, 3, 3, 1, 3, 3, 3, 3, 3, 2, 3, 3, 1, 1, 0, 0, 1, 0, 1, 3, 3, 3, 3, 1, 3, 1, 3, 3, 2, 3, 1, 3, 1, 3, 3, 3, 1, 0, 0, 1, 3, 2, 1, 3, 3, 0, 0, 2, 1, 1, 3, 3, 0, 3, 1, 0, 3, 2, 3, 3, 3, 1, 3, 1, 2, 3, 1, 2, 2, 3]
POBP (disc): tot_buckets=3, mapping=[0, 0, 0, 0, 0, 0, 0, 0, 0, 0, 1, 0, 0, 0, 0, 0, 0, 0, 0, 2, 0, 0, 0, 0, 0, 0, 0, 0, 0, 0, 0, 0, 0, 0, 0, 0, 0, 0, 0, 0, 1, 0, 1, 0, 0, 0, 2, 0, 2, 0, 0, 0, 0, 0, 2, 2, 0, 2, 0, 0, 0, 2, 1, 0, 0, 0, 0, 2, 0, 0, 0, 0, 0, 1, 2, 0, 2, 0, 0, 0, 0, 0, 0, 2, 0, 0, 0, 2, 0, 0, 2, 0, 2, 0, 2, 2, 2, 2, 2, 2, 2, 0, 2, 0, 2, 2, 2, 0, 0, 0, 2, 2, 2, 2, 2, 2, 2, 2, 2, 2, 0, 0, 2, 2, 2, 2, 0, 2, 0, 0, 2, 0, 2, 2, 2, 0, 2, 2, 2, 0, 0, 2, 2, 0, 2, 2, 2, 2, 2, 2, 0, 2, 2, 2, 2, 0, 2, 2, 2, 0, 0, 2, 2, 0, 0, 2, 2, 0, 0, 0, 2, 0, 0, 0, 0, 0, 0, 0, 2, 2, 0, 2, 0, 2, 2, 2, 0, 2, 2, 0, 2, 0, 2, 0, 2, 0, 0, 2, 0, 2, 0, 2, 2, 2, 0, 2, 2, 0, 2, 2, 2, 2]
RELP (disc): tot_buckets=3, mapping=[0, 0, 1, 1, 2, 1, 1, 2, 2, 1, 1, 1, 0, 0, 0, 2, 2]
SEX (disc): tot_buckets=1, mapping=[0, 0]
RAC1P (disc): tot_buckets=2, mapping=[0, 1, 1, 1, 1, 0, 0, 1, 1]
Used 34 buckets in total
================
k_anon=1 , l_div=-0.0, size=8953
Final results:
----> Evaluating: Training new classifiers and a new adversary on 1-hot buckets (34 fts) - torch.Size([57714, 733]) points
----> Evaluating: Training classifier 1
[Trying CLF with wd=1e-06] 0.831 -> 0.825
[Trying CLF with wd=1e-05] 0.830 -> 0.821
[Trying CLF with wd=0.0001] 0.830 -> 0.822
[Trying CLF with wd=0.001] 0.827 -> 0.823
[Trying CLF with wd=0.002] 0.826 -> 0.821
[Trying CLF with wd=0.004] 0.825 -> 0.819
[Trying CLF with wd=0.006] 0.825 -> 0.820
[Trying CLF with wd=0.008] 0.824 -> 0.818
[Trying CLF with wd=0.01] 0.825 -> 0.820
[Trying CLF with wd=0.02] 0.824 -> 0.820
[Trying CLF with wd=0.05] 0.823 -> 0.816
Chose 1e-06
[clf] train_acc=0.831, val_acc=0.825, test_acc=0.820
Adversary uses torch.Size([57714, 733]) points!
[Trying ADV with wd=1e-06] 0.631 -> 0.632
[Trying ADV with wd=1e-05] 0.633 -> 0.635
[Trying ADV with wd=0.0001] 0.632 -> 0.633
[Trying ADV with wd=0.001] 0.626 -> 0.627
[Trying ADV with wd=0.002] 0.629 -> 0.630
[Trying ADV with wd=0.004] 0.631 -> 0.632
[Trying ADV with wd=0.006] 0.626 -> 0.627
[Trying ADV with wd=0.008] 0.623 -> 0.625
[Trying ADV with wd=0.01] 0.614 -> 0.614
[Trying ADV with wd=0.02] 0.622 -> 0.624
[Trying ADV with wd=0.05] 0.617 -> 0.620
Chose 1e-05
[adv test] adv accuracy per feature:
	feat=COW: tr= 0.926, va= 0.922, te= 0.927
	feat=MAR: tr= 0.866, va= 0.867, te= 0.868
	feat=OCCP: tr= 0.079, va= 0.079, te= 0.076
	feat=POBP: tr= 0.588, va= 0.590, te= 0.588
	feat=RELP: tr= 0.623, va= 0.629, te= 0.618
	feat=SEX: tr= 0.602, va= 0.595, te= 0.596
	feat=RAC1P: tr= 0.746, va= 0.762, te= 0.753
[adv] train_acc=0.633, val_acc=0.635, test_acc=0.632
[ADV Quantile] 0.99: 0.719
[ADV Quantile] 0.98: 0.715
[ADV Quantile] 0.95: 0.717
[ADV Quantile] 0.90: 0.712
[ADV Quantile] 0.80: 0.703
[ADV Quantile] 0.50: 0.690
[ADV Quantile] 0.00: 0.632
[ADV EXACT] train_acc=726.0/57714, val_acc=128.0/9619, test_acc=308.0/28857
Adversary uses torch.Size([57714, 733]) points!
[Trying ADV with wd=1e-06] 0.527 -> 0.527
[Trying ADV with wd=1e-05] 0.531 -> 0.532
[Trying ADV with wd=0.0001] 0.527 -> 0.528
[Trying ADV with wd=0.001] 0.521 -> 0.521
[Trying ADV with wd=0.002] 0.523 -> 0.525
[Trying ADV with wd=0.004] 0.516 -> 0.518
[Trying ADV with wd=0.006] 0.517 -> 0.519
[Trying ADV with wd=0.008] 0.514 -> 0.517
[Trying ADV with wd=0.01] 0.502 -> 0.505
[Trying ADV with wd=0.02] 0.503 -> 0.504
[Trying ADV with wd=0.05] 0.473 -> 0.475
Chose 1e-05
[adv test] adv accuracy per feature:
	feat=COW: tr= 0.653, va= 0.657, te= 0.652
	feat=MAR: tr= 0.828, va= 0.827, te= 0.830
	feat=OCCP: tr= 0.053, va= 0.053, te= 0.049
	feat=POBP: tr= 0.463, va= 0.461, te= 0.457
	feat=RELP: tr= 0.489, va= 0.492, te= 0.486
	feat=SEX: tr= 0.600, va= 0.592, te= 0.597
	feat=RAC1P: tr= 0.633, va= 0.643, te= 0.636
[adv] train_acc=0.531, val_acc=0.532, test_acc=0.530
[ADV Quantile] 0.99: 0.706
[ADV Quantile] 0.98: 0.706
[ADV Quantile] 0.95: 0.716
[ADV Quantile] 0.90: 0.715
[ADV Quantile] 0.80: 0.702
[ADV Quantile] 0.50: 0.688
[ADV Quantile] 0.00: 0.530
[ADV EXACT] train_acc=127.0/57714, val_acc=18.0/9619, test_acc=45.0/28857
==================
{'clf': [(0.8312714418841279, 0.8246179432751967, 0.8196278199273096)], 'adv_recovery-ops': [(0.6328711106492543, 0.6347305605510124, 0.6322419716118259)], 'adv_recovery': [(0.5311823356519871, 0.5322459928859445, 0.5295426855864552)]}
